   0.0000000000000000        1000.0000000000000     
   1.0000000000000000E-002   999.49488407705815     
   2.0000000000000000E-002   998.98964582346616     
   2.9999999999999999E-002   998.48427888251479     
   4.0000000000000001E-002   997.97877692299414     
   5.0000000000000003E-002   997.47313366063804     
   5.9999999999999998E-002   996.96734285140008     
   7.0000000000000007E-002   996.46139829099832     
   8.0000000000000002E-002   995.95529381446568     
   8.9999999999999997E-002   995.44902329570652     
  0.10000000000000001        994.94258064706014     
  0.11000000000000000        994.43595981887006     
  0.12000000000000000        993.92915479905935     
  0.13000000000000000        993.42215961271165     
  0.14000000000000001        992.91496832165831     
  0.14999999999999999        992.40757502407189     
  0.16000000000000000        991.89997385406434     
  0.17000000000000001        991.39215898129157     
  0.17999999999999999        990.88412461056305     
  0.19000000000000000        990.37586498145754     
  0.20000000000000001        989.86737436794385     
  0.20999999999999999        989.35864707800704     
  0.22000000000000000        988.84967745327947     
  0.23000000000000001        988.34045986867807     
  0.23999999999999999        987.83098873204540     
  0.25000000000000000        987.32125848379701     
  0.26000000000000001        986.81126359657321     
  0.27000000000000002        986.30099857489563     
  0.28000000000000003        985.79045795482853     
  0.28999999999999998        985.27963630364616     
  0.29999999999999999        984.76852821950297     
  0.31000000000000000        984.25712833110970     
  0.32000000000000001        983.74543129741414     
  0.33000000000000002        983.23343180728534     
  0.34000000000000002        982.72112457920400     
  0.35000000000000003        982.20850436095532     
  0.35999999999999999        981.69556592932793     
  0.37000000000000000        981.18230408981617     
  0.38000000000000000        980.66871367632700     
  0.39000000000000001        980.15478955089088     
  0.40000000000000002        979.64052660337654     
  0.41000000000000003        979.12591975121097     
  0.41999999999999998        978.61096393910179     
  0.42999999999999999        978.09565413876521     
  0.44000000000000000        977.57998534865646     
  0.45000000000000001        977.06395259370527     
  0.46000000000000002        976.54755092505445     
  0.47000000000000003        976.03077541980269     
  0.47999999999999998        975.51362118075053     
  0.48999999999999999        974.99608333615072     
  0.50000000000000000        974.47815703946139     
  0.51000000000000001        973.95983746910395     
  0.52000000000000002        973.44111982822301     
  0.53000000000000003        972.92199934445125     
  0.54000000000000004        972.40247126967654     
  0.55000000000000004        971.88253087981343     
  0.56000000000000005        971.36217347457705     
  0.57000000000000006        970.84139437726139     
  0.57999999999999996        970.32018893451982     
  0.58999999999999997        969.79855251614970     
  0.59999999999999998        969.27648051487938     
  0.60999999999999999        968.75396834615890     
  0.62000000000000000        968.23101144795362     
  0.63000000000000000        967.70760528054109     
  0.64000000000000001        967.18374532631037     
  0.65000000000000002        966.65942708956504     
  0.66000000000000003        966.13464609632888     
  0.67000000000000004        965.60939789415431     
  0.68000000000000005        965.08367805193370     
  0.69000000000000006        964.55748215971403     
  0.70000000000000007        964.03080582851351     
  0.70999999999999996        963.50364469014187     
  0.71999999999999997        962.97599439702253     
  0.72999999999999998        962.44785062201822     
  0.73999999999999999        961.91920905825884     
  0.75000000000000000        961.39006541897163     
  0.76000000000000001        960.86041543731505     
  0.77000000000000002        960.33025486621386     
  0.78000000000000003        959.79957947819776     
  0.79000000000000004        959.26838506524200     
  0.80000000000000004        958.73666743861065     
  0.81000000000000005        958.20442242870240     
  0.82000000000000006        957.67164588489834     
  0.83000000000000007        957.13833367541281     
  0.83999999999999997        956.60448168714595     
  0.84999999999999998        956.07008582553897     
  0.85999999999999999        955.53514201443147     
  0.87000000000000000        954.99964619592129     
  0.88000000000000000        954.46359433022644     
  0.89000000000000001        953.92698239554909     
  0.90000000000000002        953.38980638794203     
  0.91000000000000003        952.85206232117719     
  0.92000000000000004        952.31374622661633     
  0.93000000000000005        951.77485415308342     
  0.94000000000000006        951.23538216673990     
  0.95000000000000007        950.69532635096141     
  0.95999999999999996        950.15468280621656     
  0.96999999999999997        949.61344764994772     
  0.97999999999999998        949.07161701645452     
  0.98999999999999999        948.52918705677803     
   1.0000000000000000        947.98615393858813     
   1.0100000000000000        947.44251384607151     
   1.0200000000000000        946.89826297982279     
   1.0300000000000000        946.35339755673704     
   1.0400000000000000        945.80791380990365     
   1.0500000000000000        945.26180798850294     
   1.0600000000000001        944.71507635770377     
   1.0700000000000001        944.16771519856343     
   1.0800000000000001        943.61972080792896     
   1.0900000000000001        943.07108949834037     
   1.1000000000000001        942.52181759793609     
   1.1100000000000001        941.97190145035881     
   1.1200000000000001        941.42133741466432     
   1.1300000000000001        940.87012186523134     
   1.1400000000000001        940.31825119167343     
   1.1500000000000001        939.76572179875177     
   1.1599999999999999        939.21253010629027     
   1.1699999999999999        938.65867254909210     
   1.1799999999999999        938.10414557685760     
   1.1899999999999999        937.54894565410382     
   1.2000000000000000        936.99306926008580     
   1.2100000000000000        936.43651288871877     
   1.2200000000000000        935.87927304850280     
   1.2300000000000000        935.32134626244817     
   1.2400000000000000        934.76272906800227     
   1.2500000000000000        934.20341801697839     
   1.2600000000000000        933.64340967548560     
   1.2700000000000000        933.08270062385986     
   1.2800000000000000        932.52128745659718     
   1.2900000000000000        931.95916678228741     
   1.3000000000000000        931.39633522355018     
   1.3100000000000001        930.83278941697165     
   1.3200000000000001        930.26852601304211     
   1.3300000000000001        929.70354167609662     
   1.3400000000000001        929.13783308425513     
   1.3500000000000001        928.57139692936482     
   1.3600000000000001        928.00422991694347     
   1.3700000000000001        927.43632876612446     
   1.3800000000000001        926.86769020960230     
   1.3900000000000001        926.29831099358034     
   1.4000000000000001        925.72818787771871     
   1.4099999999999999        925.15731763508438     
   1.4199999999999999        924.58569705210186     
   1.4299999999999999        924.01332292850532     
   1.4399999999999999        923.44019207729161     
   1.4500000000000000        922.86630132467485     
   1.4600000000000000        922.29164751004203     
   1.4700000000000000        921.71622748590949     
   1.4800000000000000        921.14003811788098     
   1.4900000000000000        920.56307628460638     
   1.5000000000000000        919.98533887774192     
   1.5100000000000000        919.40682280191095     
   1.5200000000000000        918.82752497466686     
   1.5300000000000000        918.24744232645571     
   1.5400000000000000        917.66657180058075     
   1.5500000000000000        917.08491035316820     
   1.5600000000000001        916.50245495313300     
   1.5700000000000001        915.91920258214680     
   1.5800000000000001        915.33515023460643     
   1.5900000000000001        914.75029491760313     
   1.6000000000000001        914.16463365089305     
   1.6100000000000001        913.57816346686900     
   1.6200000000000001        912.99088141053267     
   1.6300000000000001        912.40278453946826     
   1.6400000000000001        911.81386992381658     
   1.6500000000000001        911.22413464625060     
   1.6600000000000001        910.63357580195145     
   1.6699999999999999        910.04219049858602     
   1.6799999999999999        909.44997585628471     
   1.6899999999999999        908.85692900762069     
   1.7000000000000000        908.26304709758961     
   1.7100000000000000        907.66832728359054     
   1.7200000000000000        907.07276673540775     
   1.7300000000000000        906.47636263519325     
   1.7400000000000000        905.87911217745000     
   1.7500000000000000        905.28101256901664     
   1.7600000000000000        904.68206102905219     
   1.7700000000000000        904.08225478902250     
   1.7800000000000000        903.48159109268659     
   1.7900000000000000        902.88006719608484     
   1.8000000000000000        902.27768036752707     
   1.8100000000000001        901.67442788758194     
   1.8200000000000001        901.07030704906697     
   1.8300000000000001        900.46531515703975     
   1.8400000000000001        899.85944952878924     
   1.8500000000000001        899.25270749382821     
   1.8600000000000001        898.64508639388669     
   1.8700000000000001        898.03658358290591     
   1.8800000000000001        897.42719642703298     
   1.8900000000000001        896.81692230461636     
   1.9000000000000001        896.20575860620238     
   1.9100000000000001        895.59370273453158     
   1.9199999999999999        894.98075210453715     
   1.9299999999999999        894.36690414334282     
   1.9399999999999999        893.75215629026241     
   1.9500000000000000        893.13650599679931     
   1.9600000000000000        892.51995072664738     
   1.9700000000000000        891.90248795569187     
   1.9800000000000000        891.28411517201187     
   1.9900000000000000        890.66482987588233     
   2.0000000000000000        890.04462957977762     
   2.0100000000000002        889.42351180837579     
   2.0200000000000000        888.80147409856295     
   2.0300000000000002        888.17851399943834     
   2.0400000000000000        887.55462907232072     
   2.0499999999999998        886.92981689075486     
   2.0600000000000001        886.30407504051857     
   2.0699999999999998        885.67740111963076     
   2.0800000000000001        885.04979273836000     
   2.0899999999999999        884.42124751923348     
   2.1000000000000001        883.79176309704701     
   2.1099999999999999        883.16133711887505     
   2.1200000000000001        882.52996724408206     
   2.1299999999999999        881.89765114433385     
   2.1400000000000001        881.26438650360967     
   2.1499999999999999        880.63017101821515     
   2.1600000000000001        879.99500239679548     
   2.1699999999999999        879.35887836034965     
   2.1800000000000002        878.72179664224461     
   2.1899999999999999        878.08375498823045     
   2.2000000000000002        877.44475115645616     
   2.2100000000000000        876.80478291748568     
   2.2200000000000002        876.16384805431471     
   2.2300000000000000        875.52194436238801     
   2.2400000000000002        874.87906964961724     
   2.2500000000000000        874.23522173639924     
   2.2600000000000002        873.59039845563518     
   2.2700000000000000        872.94459765274985     
   2.2800000000000002        872.29781718571178     
   2.2900000000000000        871.65005492505327     
   2.3000000000000003        871.00130875389209     
   2.3100000000000001        870.35157656795252     
   2.3199999999999998        869.70085627558763     
   2.3300000000000001        869.04914579780154     
   2.3399999999999999        868.39644306827279     
   2.3500000000000001        867.74274603337767     
   2.3599999999999999        867.08805265221406     
   2.3700000000000001        866.43236089662628     
   2.3799999999999999        865.77566875123000     
   2.3900000000000001        865.11797421343726     
   2.3999999999999999        864.45927529348307     
   2.4100000000000001        863.79957001445098     
   2.4199999999999999        863.13885641230092     
   2.4300000000000002        862.47713253589563     
   2.4399999999999999        861.81439644702880     
   2.4500000000000002        861.15064622045327     
   2.4600000000000000        860.48587994390982     
   2.4700000000000002        859.82009571815581     
   2.4800000000000000        859.15329165699518     
   2.4900000000000002        858.48546588730812     
   2.5000000000000000        857.81661654908191     
   2.5100000000000002        857.14674179544079     
   2.5200000000000000        856.47583979267836     
   2.5300000000000002        855.80390872028852     
   2.5400000000000000        855.13094677099775     
   2.5500000000000003        854.45695215079752     
   2.5600000000000001        853.78192307897712     
   2.5699999999999998        853.10585778815721     
   2.5800000000000001        852.42875452432304     
   2.5899999999999999        851.75061154685909     
   2.6000000000000001        851.07142712858320     
   2.6099999999999999        850.39119955578133     
   2.6200000000000001        849.70992712824284     
   2.6299999999999999        849.02760815929662     
   2.6400000000000001        848.34424097584622     
   2.6499999999999999        847.65982391840669     
   2.6600000000000001        846.97435534114140     
   2.6699999999999999        846.28783361189880     
   2.6800000000000002        845.60025711225001     
   2.6899999999999999        844.91162423752667     
   2.7000000000000002        844.22193339685896     
   2.7100000000000000        843.53118301321422     
   2.7200000000000002        842.83937152343572     
   2.7300000000000000        842.14649737828199     
   2.7400000000000002        841.45255904246596     
   2.7500000000000000        840.75755499469528     
   2.7600000000000002        840.06148372771202     
   2.7700000000000000        839.36434374833368     
   2.7800000000000002        838.66613357749361     
   2.7900000000000000        837.96685175028233     
   2.8000000000000003        837.26649681598906     
   2.8100000000000001        836.56506733814331     
   2.8199999999999998        835.86256189455707     
   2.8300000000000001        835.15897907736735     
   2.8399999999999999        834.45431749307852     
   2.8500000000000001        833.74857576260547     
   2.8599999999999999        833.04175252131688     
   2.8700000000000001        832.33384641907890     
   2.8799999999999999        831.62485612029877     
   2.8900000000000001        830.91478030396934     
   2.8999999999999999        830.20361766371286     
   2.9100000000000001        829.49136690782632     
   2.9199999999999999        828.77802675932628     
   2.9300000000000002        828.06359595599361     
   2.9399999999999999        827.34807325041947     
   2.9500000000000002        826.63145741005110     
   2.9600000000000000        825.91374721723741     
   2.9700000000000002        825.19494146927593     
   2.9800000000000000        824.47503897845843     
   2.9900000000000002        823.75403857211859     
   3.0000000000000000        823.03193909267861     
   3.0100000000000002        822.30873939769617     
   3.0200000000000000        821.58443835991272     
   3.0300000000000002        820.85903486730035     
   3.0400000000000000        820.13252782311031     
   3.0500000000000003        819.40491614592088     
   3.0600000000000001        818.67619876968615     
   3.0700000000000003        817.94637464378411     
   3.0800000000000001        817.21544273306620     
   3.0899999999999999        816.48340201790563     
   3.1000000000000001        815.75025149424732     
   3.1099999999999999        815.01599017365675     
   3.1200000000000001        814.28061708336998     
   3.1299999999999999        813.54413126634370     
   3.1400000000000001        812.80653178130490     
   3.1499999999999999        812.06781770280145     
   3.1600000000000001        811.32798812125225     
   3.1699999999999999        810.58704214299814     
   3.1800000000000002        809.84497889035242     
   3.1899999999999999        809.10179750165230     
   3.2000000000000002        808.35749713130974     
   3.2100000000000000        807.61207694986263     
   3.2200000000000002        806.86553614402681     
   3.2300000000000000        806.11787391674716     
   3.2400000000000002        805.36908948724988     
   3.2500000000000000        804.61918209109410     
   3.2600000000000002        803.86815098022453     
   3.2700000000000000        803.11599542302304     
   3.2800000000000002        802.36271470436168     
   3.2900000000000000        801.60830812565507     
   3.3000000000000003        800.85277500491293     
   3.3100000000000001        800.09611467679338     
   3.3200000000000003        799.33832649265514     
   3.3300000000000001        798.57940982061143     
   3.3399999999999999        797.81936404558292     
   3.3500000000000001        797.05818856935070     
   3.3599999999999999        796.29588281061046     
   3.3700000000000001        795.53244620502539     
   3.3799999999999999        794.76787820528023     
   3.3900000000000001        794.00217828113489     
   3.3999999999999999        793.23534591947850     
   3.4100000000000001        792.46738062438340     
   3.4199999999999999        791.69828191715897     
   3.4300000000000002        790.92804933640605     
   3.4399999999999999        790.15668243807113     
   3.4500000000000002        789.38418079550058     
   3.4600000000000000        788.61054399949523     
   3.4700000000000002        787.83577165836493     
   3.4800000000000000        787.05986339798278     
   3.4900000000000002        786.28281886184016     
   3.5000000000000000        785.50463771110128     
   3.5100000000000002        784.72531962465769     
   3.5200000000000000        783.94486429918345     
   3.5300000000000002        783.16327144918989     
   3.5400000000000000        782.38054080708048     
   3.5500000000000003        781.59667212320596     
   3.5600000000000001        780.81166516591907     
   3.5700000000000003        780.02551972162951     
   3.5800000000000001        779.23823559485970     
   3.5899999999999999        778.44981260829911     
   3.6000000000000001        777.66025060285983     
   3.6099999999999999        776.86954943773162     
   3.6200000000000001        776.07770899043680     
   3.6299999999999999        775.28472915688610     
   3.6400000000000001        774.49060985143308     
   3.6499999999999999        773.69535100692997     
   3.6600000000000001        772.89895257478236     
   3.6699999999999999        772.10141452500488     
   3.6800000000000002        771.30273684627605     
   3.6899999999999999        770.50291954599345     
   3.7000000000000002        769.70196265032928     
   3.7100000000000000        768.89986620428488     
   3.7200000000000002        768.09663027174656     
   3.7300000000000000        767.29225493554031     
   3.7400000000000002        766.48674029748702     
   3.7500000000000000        765.68008647845704     
   3.7600000000000002        764.87229361842617     
   3.7700000000000000        764.06336187652948     
   3.7800000000000002        763.25329143111719     
   3.7900000000000000        762.44208247980896     
   3.8000000000000003        761.62973523954884     
   3.8100000000000001        760.81624994666015     
   3.8200000000000003        760.00162685689997     
   3.8300000000000001        759.18586624551392     
   3.8399999999999999        758.36896840729059     
   3.8500000000000001        757.55093365661605     
   3.8599999999999999        756.73176232752837     
   3.8700000000000001        755.91145477377177     
   3.8799999999999999        755.09001136885092     
   3.8900000000000001        754.26743250608490     
   3.8999999999999999        753.44371859866169     
   3.9100000000000001        752.61887007969142     
   3.9199999999999999        751.79288740226093     
   3.9300000000000002        750.96577103948687     
   3.9399999999999999        750.13752148456956     
   3.9500000000000002        749.30813925084658     
   3.9600000000000000        748.47762487184616     
   3.9700000000000002        747.64597890133996     
   3.9800000000000000        746.81320191339682     
   3.9900000000000002        745.97929450243521     
   4.0000000000000000        745.14425728327626     
