   0.0000000000000000        0.0000000000000000     
   1.0000000000000000E-002   2.9845987089028882E-005
   2.0000000000000000E-002   8.9384558157288628E-005
   2.9999999999999999E-002   1.7846291719210734E-004
   4.0000000000000001E-002   2.9692887258581243E-004
   5.0000000000000003E-002   4.4463083445609358E-004
   5.9999999999999998E-002   6.2141781197862147E-004
   7.0000000000000007E-002   8.2713941073185322E-004
   8.0000000000000002E-002   1.0616458300539606E-003
   8.9999999999999997E-002   1.3247878604118206E-003
  0.10000000000000001        1.6164168807820034E-003
  0.11000000000000000        1.9363848560436988E-003
  0.12000000000000000        2.2845443343835173E-003
  0.13000000000000000        2.6607484447121067E-003
  0.14000000000000001        3.0648508940925223E-003
  0.14999999999999999        3.4967059651802939E-003
  0.16000000000000000        3.9561685136751219E-003
  0.17000000000000001        4.4430939657841570E-003
  0.17999999999999999        4.9573383156967885E-003
  0.19000000000000000        5.4987581230708975E-003
  0.20000000000000001        6.0672105105305041E-003
  0.20999999999999999        6.6625531611747653E-003
  0.22000000000000000        7.2846443160982507E-003
  0.23000000000000001        7.9333427719224525E-003
  0.23999999999999999        8.6085078783384641E-003
  0.25000000000000000        9.3099995356607807E-003
  0.26000000000000001        1.0037678192392150E-002
  0.27000000000000002        1.0791404842799448E-002
  0.28000000000000003        1.1571041024500479E-002
  0.28999999999999998        1.2376448816061697E-002
  0.29999999999999999        1.3207490834606758E-002
  0.31000000000000000        1.4064030233435852E-002
  0.32000000000000001        1.4945930699655793E-002
  0.33000000000000002        1.5853056451820766E-002
  0.34000000000000002        1.6785272237583727E-002
  0.35000000000000003        1.7742443331358354E-002
  0.35999999999999999        1.8724435531991553E-002
  0.37000000000000000        1.9731115160446410E-002
  0.38000000000000000        2.0762349057495584E-002
  0.39000000000000001        2.1818004581425063E-002
  0.40000000000000002        2.2897949605748244E-002
  0.41000000000000003        2.4002052516930276E-002
  0.41999999999999998        2.5130182212122636E-002
  0.42999999999999999        2.6282208096907875E-002
  0.44000000000000000        2.7458000083054473E-002
  0.45000000000000001        2.8657428586281761E-002
  0.46000000000000002        2.9880364524034919E-002
  0.47000000000000003        3.1126679313269869E-002
  0.47999999999999998        3.2396244868248165E-002
  0.48999999999999999        3.3688933598341728E-002
  0.50000000000000000        3.5004618405847419E-002
  0.51000000000000001        3.6343172683811410E-002
  0.52000000000000002        3.7704470313863279E-002
  0.53000000000000003        3.9088385664059803E-002
  0.54000000000000004        4.0494793586738395E-002
  0.55000000000000004        4.1923569416380160E-002
  0.56000000000000005        4.3374588967482475E-002
  0.57000000000000006        4.4847728532441081E-002
  0.57999999999999996        4.6342864879441684E-002
  0.58999999999999997        4.7859875250360936E-002
  0.59999999999999998        4.9398637358676778E-002
  0.60999999999999999        5.0959029387388145E-002
  0.62000000000000000        5.2540929986943978E-002
  0.63000000000000000        5.4144218273181395E-002
  0.64000000000000001        5.5768773825273177E-002
  0.65000000000000002        5.7414476683684303E-002
  0.66000000000000003        5.9081207348137689E-002
  0.67000000000000004        6.0768846775588935E-002
  0.68000000000000005        6.2477276378210128E-002
  0.69000000000000006        6.4206378021382640E-002
  0.70000000000000007        6.5956034021698862E-002
  0.70999999999999996        6.7726127144972836E-002
  0.71999999999999997        6.9516540604259741E-002
  0.72999999999999998        7.1327158057884282E-002
  0.73999999999999999        7.3157863607477697E-002
  0.75000000000000000        7.5008541796023689E-002
  0.76000000000000001        7.6879077605912949E-002
  0.77000000000000002        7.8769356457006348E-002
  0.78000000000000003        8.0679264204706794E-002
  0.79000000000000004        8.2608687138039635E-002
  0.80000000000000004        8.4557511977741584E-002
  0.81000000000000005        8.6525625874358220E-002
  0.82000000000000006        8.8512916406349895E-002
  0.83000000000000007        9.0519271578206092E-002
  0.83999999999999997        9.2544579818568132E-002
  0.84999999999999998        9.4588729978360278E-002
  0.85999999999999999        9.6651611328929160E-002
  0.87000000000000000        9.8733113560191405E-002
  0.88000000000000000       0.10083312677878956     
  0.89000000000000001       0.10295154150625620     
  0.90000000000000002       0.10508824867718622     
  0.91000000000000003       0.10724313963741720     
  0.92000000000000004       0.10941610614221793     
  0.93000000000000005       0.11160704035448492     
  0.94000000000000006       0.11381583484294693     
  0.95000000000000007       0.11604238258037755     
  0.95999999999999996       0.11828657694181570     
  0.96999999999999997       0.12054831170279398     
  0.97999999999999998       0.12282748103757496     
  0.98999999999999999       0.12512397951739526     
   1.0000000000000000       0.12743770210871749     
   1.0100000000000000       0.12976854417148992     
   1.0200000000000000       0.13211640145741391     
   1.0300000000000000       0.13448117010821900     
   1.0400000000000000       0.13686274665394571     
   1.0500000000000000       0.13926102801123599     
   1.0600000000000001       0.14167591148163119     
   1.0700000000000001       0.14410729474987768     
   1.0800000000000001       0.14655507588223993     
   1.0900000000000001       0.14901915332482119     
   1.1000000000000001       0.15149942590189153     
   1.1100000000000001       0.15399579281422340     
   1.1200000000000001       0.15650815363743445     
   1.1300000000000001       0.15903640832033797     
   1.1400000000000001       0.16158045718330039     
   1.1500000000000001       0.16414020091660630     
   1.1599999999999999       0.16671554057883065     
   1.1699999999999999       0.16930637759521813     
   1.1799999999999999       0.17191261375606992     
   1.1899999999999999       0.17453415121513752     
   1.2000000000000000       0.17717089248802365     
   1.2100000000000000       0.17982274045059046     
   1.2200000000000000       0.18248959833737466     
   1.2300000000000000       0.18517136974000986     
   1.2400000000000000       0.18786795860565572     
   1.2500000000000000       0.19057926923543431     
   1.2600000000000000       0.19330520628287332     
   1.2700000000000000       0.19604567475235624     
   1.2800000000000000       0.19880057999757947     
   1.2900000000000000       0.20156982772001619     
   1.3000000000000000       0.20435332396738728     
   1.3100000000000001       0.20715097513213884     
   1.3200000000000001       0.20996268794992667     
   1.3300000000000001       0.21278836949810742     
   1.3400000000000001       0.21562792719423649     
   1.3500000000000001       0.21848126879457261     
   1.3600000000000001       0.22134830239258918     
   1.3700000000000001       0.22422893641749217     
   1.3800000000000001       0.22712307963274470     
   1.3900000000000001       0.23003064113459806     
   1.4000000000000001       0.23295153035062954     
   1.4099999999999999       0.23588565703828659     
   1.4199999999999999       0.23883293128343761     
   1.4299999999999999       0.24179326349892910     
   1.4399999999999999       0.24476656442314945     
   1.4500000000000000       0.24775274511859890     
   1.4600000000000000       0.25075171697046622     
   1.4700000000000000       0.25376339168521134     
   1.4800000000000000       0.25678768128915469     
   1.4900000000000000       0.25982449812707287     
   1.5000000000000000       0.26287375486080033     
   1.5100000000000000       0.26593536446783739     
   1.5200000000000000       0.26900924023996486     
   1.5300000000000000       0.27209529578186425     
   1.5400000000000000       0.27519344500974474     
   1.5500000000000000       0.27830360214997607     
   1.5600000000000001       0.28142568173772742     
   1.5700000000000001       0.28455959861561281     
   1.5800000000000001       0.28770526793234213     
   1.5900000000000001       0.29086260514137863     
   1.6000000000000001       0.29403152599960208     
   1.6100000000000001       0.29721194656597832     
   1.6200000000000001       0.30040378320023448     
   1.6300000000000001       0.30360695256154024     
   1.6400000000000001       0.30682137160719525     
   1.6500000000000001       0.31004695759132217     
   1.6600000000000001       0.31328362806356580     
   1.6699999999999999       0.31653130086779796     
   1.6799999999999999       0.31978989414082826     
   1.6899999999999999       0.32305932631112066     
   1.7000000000000000       0.32633951609751599     
   1.7100000000000000       0.32963038250795990     
   1.7200000000000000       0.33293184483823696     
   1.7300000000000000       0.33624382267071012     
   1.7400000000000000       0.33956623587306622     
   1.7500000000000000       0.34289900459706690     
   1.7600000000000000       0.34624204927730523     
   1.7700000000000000       0.34959529062996803     
   1.7800000000000000       0.35295864965160395     
   1.7900000000000000       0.35633204761789677     
   1.8000000000000000       0.35971540608244451     
   1.8100000000000001       0.36310864687554417     
   1.8200000000000001       0.36651169210298179     
   1.8300000000000001       0.36992446414482805     
   1.8400000000000001       0.37334688565423946     
   1.8500000000000001       0.37677887955626488     
   1.8600000000000001       0.38022036904665757     
   1.8700000000000001       0.38367127759069258     
   1.8800000000000001       0.38713152892198965     
   1.8900000000000001       0.39060104704134113     
   1.9000000000000001       0.39407975621554597     
   1.9100000000000001       0.39756758097624817     
   1.9199999999999999       0.40106444611878111     
   1.9299999999999999       0.40457027670101703     
   1.9399999999999999       0.40808499804222165     
   1.9500000000000000       0.41160853572191430     
   1.9600000000000000       0.41514081557873300     
   1.9700000000000000       0.41868176370930488     
   1.9800000000000000       0.42223130646712165     
   1.9900000000000000       0.42578937046142051     
   2.0000000000000000       0.42935588255606993     
   2.0100000000000002       0.43293076986846080     
   2.0200000000000000       0.43651395976840229     
   2.0300000000000002       0.44010537987702320     
   2.0400000000000000       0.44370495806567817     
   2.0499999999999998       0.44731262245485909     
   2.0600000000000001       0.45092830141311124     
   2.0699999999999998       0.45455192355595481     
   2.0800000000000001       0.45818341774481097     
   2.0899999999999999       0.46182271308593337     
   2.1000000000000001       0.46546973892934429     
   2.1099999999999999       0.46912442486777572     
   2.1200000000000001       0.47278670073561563     
   2.1299999999999999       0.47645649660785860     
   2.1400000000000001       0.48013374279906196     
   2.1499999999999999       0.48381836986230625     
   2.1600000000000001       0.48751030858816086     
   2.1699999999999999       0.49120949000365421     
   2.1800000000000002       0.49491584537124916     
   2.1899999999999999       0.49862930618782253     
   2.2000000000000002       0.50234980418364994     
   2.2100000000000000       0.50607727132139546     
   2.2200000000000002       0.50981163979510524     
   2.2300000000000000       0.51355284202920670     
   2.2400000000000002       0.51730081067751210     
   2.2500000000000000       0.52105547862222645     
   2.2600000000000002       0.52481677897296053     
   2.2700000000000000       0.52858464506574832     
   2.2800000000000002       0.53235901046206913     
   2.2900000000000000       0.53613980894787450     
   2.3000000000000003       0.53992697453261917     
   2.3100000000000001       0.54372044144829723     
   2.3199999999999998       0.54752014414848194     
   2.3300000000000001       0.55132601730737163     
   2.3399999999999999       0.55513799581883827     
   2.3500000000000001       0.55895601479548196     
   2.3599999999999999       0.56278000956768903     
   2.3700000000000001       0.56660991568269514     
   2.3799999999999999       0.57044566890365267     
   2.3900000000000001       0.57428720520870224     
   2.3999999999999999       0.57813446079004926     
   2.4100000000000001       0.58198737205304407     
   2.4199999999999999       0.58584587561526746     
   2.4300000000000002       0.58970990830561953     
   2.4399999999999999       0.59357940716341373     
   2.4500000000000002       0.59745430943747491     
   2.4600000000000000       0.60133455258524104     
   2.4700000000000002       0.60522007427187074     
   2.4800000000000000       0.60911081236935372     
   2.4900000000000002       0.61300670495562593     
   2.5000000000000000       0.61690769031368953     
   2.5100000000000002       0.62081370693073601     
   2.5200000000000000       0.62472469349727422     
   2.5300000000000002       0.62864058890626295     
   2.5400000000000000       0.63256133225224698     
   2.5500000000000003       0.63648686283049727     
   2.5600000000000001       0.64041712013615626     
   2.5699999999999998       0.64435204386338618     
   2.5800000000000001       0.64829157390452241     
   2.5899999999999999       0.65223565034923026     
   2.6000000000000001       0.65618421348366618     
   2.6099999999999999       0.66013720378964325     
   2.6200000000000001       0.66409456194380034     
   2.6299999999999999       0.66805622881677562     
   2.6400000000000001       0.67202214547238370     
   2.6499999999999999       0.67599225316679756     
   2.6600000000000001       0.67996649334773396     
   2.6699999999999999       0.68394480765364241     
   2.6800000000000002       0.68792713791289939     
   2.6899999999999999       0.69191342614300544     
   2.7000000000000002       0.69590361454978655     
   2.7100000000000000       0.69989764552659950     
   2.7200000000000002       0.70389546165354133     
   2.7300000000000000       0.70789700569666247     
   2.7400000000000002       0.71190222060718378     
   2.7500000000000000       0.71591104952071749     
   2.7600000000000002       0.71992343575649231     
   2.7700000000000000       0.72393932281658213     
   2.7800000000000002       0.72795865438513829     
   2.7900000000000000       0.73198137432762622     
   2.8000000000000003       0.73600742669006591     
   2.8100000000000001       0.74003675569827554     
   2.8199999999999998       0.74406930575711960     
   2.8300000000000001       0.74810502144976021     
   2.8399999999999999       0.75214384753691277     
   2.8500000000000001       0.75618572895610525     
   2.8599999999999999       0.76023061082094068     
   2.8700000000000001       0.76427843842036391     
   2.8799999999999999       0.76832915721793216     
   2.8900000000000001       0.77238271285108862     
   2.8999999999999999       0.77643905113044043     
   2.9100000000000001       0.78049811803904035     
   2.9199999999999999       0.78455985973167119     
   2.9300000000000002       0.78862422253413500     
   2.9399999999999999       0.79269115294254522     
   2.9500000000000002       0.79676059762262263     
   2.9600000000000000       0.80083250340899526     
   2.9700000000000002       0.80490681730450109     
   2.9800000000000000       0.80898348647949514     
   2.9900000000000002       0.81306245827115964     
   3.0000000000000000       0.81714368018281824     
   3.0100000000000002       0.82122709988325304     
   3.0200000000000000       0.82531266520602597     
   3.0300000000000002       0.82940032414880338     
   3.0400000000000000       0.83349002487268364     
   3.0500000000000003       0.83758171570152917     
   3.0600000000000001       0.84167534512130104     
   3.0700000000000003       0.84577086177939786     
   3.0800000000000001       0.84986821448399785     
   3.0899999999999999       0.85396735220340370     
   3.1000000000000001       0.85806822406539218     
   3.1099999999999999       0.86217077935656594     
   3.1200000000000001       0.86627496752170963     
   3.1299999999999999       0.87038073816314854     
   3.1400000000000001       0.87448804104011191     
   3.1499999999999999       0.87859682606809819     
   3.1600000000000001       0.88270704331824468     
   3.1699999999999999       0.88681864301670010     
   3.1800000000000002       0.89093157554400082     
   3.1899999999999999       0.89504579143444984     
   3.2000000000000002       0.89916124137549991     
   3.2100000000000000       0.90327787620713929     
   3.2200000000000002       0.90739564692128127     
   3.2300000000000000       0.91151450466115647     
   3.2400000000000002       0.91563440072070923     
   3.2500000000000000       0.91975528654399652     
   3.2600000000000002       0.92387711372459014     
   3.2700000000000000       0.92799983400498287     
   3.2800000000000002       0.93212339927599719     
   3.2900000000000000       0.93624776157619749     
   3.3000000000000003       0.94037287309130557     
   3.3100000000000001       0.94449868615361909     
   3.3200000000000003       0.94862515324143326     
   3.3300000000000001       0.95275222697846629     
   3.3399999999999999       0.95687986013328730     
   3.3500000000000001       0.96100800561874733     
   3.3599999999999999       0.96513661649141447     
   3.3700000000000001       0.96926564595101083     
   3.3799999999999999       0.97339504733985416     
   3.3900000000000001       0.97752477414230099     
   3.3999999999999999       0.98165477998419393     
   3.4100000000000001       0.98578501863231194     
   3.4199999999999999       0.98991544399382325     
   3.4300000000000002       0.99404601011574212     
   3.4399999999999999       0.99817667118438769     
   3.4500000000000002        1.0023073815248469     
   3.4600000000000000        1.0064380956004395     
   3.4700000000000002        1.0105687680121873     
   3.4800000000000000        1.0146993534982853     
   3.4900000000000002        1.0188298069335762     
   3.5000000000000000        1.0229600833290280     
   3.5100000000000002        1.0270901378312154     
   3.5200000000000000        1.0312199257218020     
   3.5300000000000002        1.0353494024170287     
   3.5400000000000000        1.0394785234672019     
   3.5500000000000003        1.0436072445561868     
   3.5600000000000001        1.0477355215009023     
   3.5700000000000003        1.0518633102508204     
   3.5800000000000001        1.0559905668874658     
   3.5899999999999999        1.0601172476239231     
   3.6000000000000001        1.0642433088043415     
   3.6099999999999999        1.0683687069034460     
   3.6200000000000001        1.0724933985260505     
   3.6299999999999999        1.0766173404065735     
   3.6400000000000001        1.0807404894085570     
   3.6499999999999999        1.0848628025241882     
   3.6600000000000001        1.0889842368738247     
   3.6699999999999999        1.0931047497055209     
   3.6800000000000002        1.0972242983945588     
   3.6899999999999999        1.1013428404429813     
   3.7000000000000002        1.1054603334791275     
   3.7100000000000000        1.1095767352571726     
   3.7200000000000002        1.1136920036566678     
   3.7300000000000000        1.1178060966820862     
   3.7400000000000002        1.1219189724623693     
   3.7500000000000000        1.1260305892504769     
   3.7600000000000002        1.1301409054229403     
   3.7700000000000000        1.1342498794794167     
   3.7800000000000002        1.1383574700422487     
   3.7900000000000000        1.1424636358560247     
   3.8000000000000003        1.1465683357871423     
   3.8100000000000001        1.1506715288233753     
   3.8200000000000003        1.1547731740734424     
   3.8300000000000001        1.1588732307665799     
   3.8399999999999999        1.1629716582521152     
   3.8500000000000001        1.1670684159990450     
   3.8599999999999999        1.1711634635956145     
   3.8700000000000001        1.1752567607489006     
   3.8799999999999999        1.1793482672843971     
   3.8900000000000001        1.1834379431456026     
   3.8999999999999999        1.1875257483936108     
   3.9100000000000001        1.1916116432067043     
   3.9199999999999999        1.1956955878799507     
   3.9300000000000002        1.1997775428248001     
   3.9399999999999999        1.2038574685686869     
   3.9500000000000002        1.2079353257546341     
   3.9600000000000000        1.2120110751408588     
   3.9700000000000002        1.2160846776003815     
   3.9800000000000000        1.2201560941206377     
   3.9900000000000002        1.2242252858030918     
   4.0000000000000000        1.2282922138628538     
