   0.0000000000000000        1.0000000000000000     
   1.0000000000000000E-002   1.0012430057133304     
   2.0000000000000000E-002   1.0037231060419403     
   2.9999999999999999E-002   1.0074344695336532     
   4.0000000000000001E-002   1.0123713533275014     
   5.0000000000000003E-002   1.0185280934213439     
   5.9999999999999998E-002   1.0258991061562106     
   7.0000000000000007E-002   1.0344788872270159     
   8.0000000000000002E-002   1.0442620107064566     
   8.9999999999999997E-002   1.0552431280819163     
  0.10000000000000001        1.0674169673051934     
  0.11000000000000000        1.0807783318548798     
  0.12000000000000000        1.0953220998112150     
  0.13000000000000000        1.1110432229432454     
  0.14000000000000001        1.1279367258081197     
  0.14999999999999999        1.1459977048623518     
  0.16000000000000000        1.1652213275848911     
  0.17000000000000001        1.1856028316118337     
  0.17999999999999999        1.2071375238826183     
  0.19000000000000000        1.2298207797975464     
  0.20000000000000001        1.2536480423864742     
  0.20999999999999999        1.2786148214885202     
  0.22000000000000000        1.3047166929426397     
  0.23000000000000001        1.3319492977889158     
  0.23999999999999999        1.3603083414804196     
  0.25000000000000000        1.3897895931054969     
  0.26000000000000001        1.4203888846203350     
  0.27000000000000002        1.4521021100916711     
  0.28000000000000003        1.4849252249495042     
  0.28999999999999998        1.5188542452496678     
  0.29999999999999999        1.5538852469461362     
  0.31000000000000000        1.5900143651729237     
  0.32000000000000001        1.6272377935354507     
  0.33000000000000002        1.6655517834112421     
  0.34000000000000002        1.7049526432598341     
  0.35000000000000003        1.7454367379417612     
  0.35999999999999999        1.7870004880464978     
  0.37000000000000000        1.8296403692292349     
  0.38000000000000000        1.8733529115563676     
  0.39000000000000001        1.9181346988595758     
  0.40000000000000002        1.9639823680983786     
  0.41000000000000003        2.0108926087310492     
  0.41999999999999998        2.0588621620937730     
  0.42999999999999999        2.1078878207879352     
  0.44000000000000000        2.1579664280754312     
  0.45000000000000001        2.2090948772818826     
  0.46000000000000002        2.2612701112076579     
  0.47000000000000003        2.3144891215465857     
  0.47999999999999998        2.3687489483122550     
  0.48999999999999999        2.4240466792718052     
  0.50000000000000000        2.4803794493870908     
  0.51000000000000001        2.5377444402631339     
  0.52000000000000002        2.5961388796037528     
  0.53000000000000003        2.6555600406742754     
  0.54000000000000004        2.7160052417712368     
  0.55000000000000004        2.7774718456989667     
  0.56000000000000005        2.8399572592529729     
  0.57000000000000006        2.9034589327100240     
  0.57999999999999996        2.9679743593248444     
  0.58999999999999997        3.0335010748333269     
  0.59999999999999998        3.1000366569621765     
  0.60999999999999999        3.1675787249448932     
  0.62000000000000000        3.2361249390440125     
  0.63000000000000000        3.3056730000795116     
  0.64000000000000001        3.3762206489633013     
  0.65000000000000002        3.4477656662397167     
  0.66000000000000003        3.5203058716319284     
  0.67000000000000004        3.5938391235941878     
  0.68000000000000005        3.6683633188698304     
  0.69000000000000006        3.7438763920549576     
  0.70000000000000007        3.8203763151677146     
  0.70999999999999996        3.8978610972230956     
  0.71999999999999997        3.9763287838131931     
  0.72999999999999998        4.0557774566928178     
  0.73999999999999999        4.1362052333704193     
  0.75000000000000000        4.2176102667042308     
  0.76000000000000001        4.2999907445035683     
  0.77000000000000002        4.3833448891352091     
  0.78000000000000003        4.4676709571347883     
  0.79000000000000004        4.5529672388231344     
  0.80000000000000004        4.6392320579274822     
  0.81000000000000005        4.7264637712074924     
  0.82000000000000006        4.8146607680860196     
  0.83000000000000007        4.9038214702845497     
  0.83999999999999997        4.9939443314632550     
  0.84999999999999998        5.0850278368655957     
  0.85999999999999999        5.1770705029674113     
  0.87000000000000000        5.2700708771304337     
  0.88000000000000000        5.3640275372601627     
  0.89000000000000001        5.4589390914680518     
  0.90000000000000002        5.5548041777379291     
  0.91000000000000003        5.6516214635966113     
  0.92000000000000004        5.7493896457886411     
  0.93000000000000005        5.8481074499550969     
  0.94000000000000006        5.9477736303164184     
  0.95000000000000007        6.0483869693591918     
  0.95999999999999996        6.1499462775268352     
  0.96999999999999997        6.2524503929141400     
  0.97999999999999998        6.3558981809656068     
  0.98999999999999999        6.4602885341775282     
   1.0000000000000000        6.5656203718037602     
   1.0100000000000000        6.6718926395651437     
   1.0200000000000000        6.7791043093625083     
   1.0300000000000000        6.8872543789932257     
   1.0400000000000000        6.9963418718712509     
   1.0500000000000000        7.1063658367506113     
   1.0600000000000001        7.2173253474522898     
   1.0700000000000001        7.3292195025944595     
   1.0800000000000001        7.4420474253260211     
   1.0900000000000001        7.5558082630633931     
   1.1000000000000001        7.6705011872305260     
   1.1100000000000001        7.7861253930020702     
   1.1200000000000001        7.9026800990496735     
   1.1300000000000001        8.0201645472913619     
   1.1400000000000001        8.1385780026439480     
   1.1500000000000001        8.2579197527784505     
   1.1599999999999999        8.3781891078784483     
   1.1699999999999999        8.4993854004013567     
   1.1799999999999999        8.6215079848425749     
   1.1899999999999999        8.7445562375024668     
   1.2000000000000000        8.8685295562561279     
   1.2100000000000000        8.9934273603259030     
   1.2200000000000000        9.1192490900566341     
   1.2300000000000000        9.2459942066935703     
   1.2400000000000000        9.3736621921629144     
   1.2500000000000000        9.5022525488549885     
   1.2600000000000000        9.6317647994099502     
   1.2700000000000000        9.7621984865060440     
   1.2800000000000000        9.8935531726503498     
   1.2900000000000000        10.025828439971988     
   1.3000000000000000        10.159023890017744     
   1.3100000000000001        10.293139143550100     
   1.3200000000000001        10.428173840347602     
   1.3300000000000001        10.564127639007577     
   1.3400000000000001        10.701000216751114     
   1.3500000000000001        10.838791269230324     
   1.3600000000000001        10.977500510337823     
   1.3700000000000001        11.117127672018407     
   1.3800000000000001        11.257672504082892     
   1.3900000000000001        11.399134774024098     
   1.4000000000000001        11.541514266834920     
   1.4099999999999999        11.684810784828491     
   1.4199999999999999        11.829024147460382     
   1.4299999999999999        11.974154191152818     
   1.4399999999999999        12.120200769120883     
   1.4500000000000000        12.267163751200682     
   1.4600000000000000        12.415043023679443     
   1.4700000000000000        12.563838489127509     
   1.4800000000000000        12.713550066232218     
   1.4900000000000000        12.864177689633634     
   1.5000000000000000        13.015721309762094     
   1.5100000000000000        13.168180892677560     
   1.5200000000000000        13.321556419910738     
   1.5300000000000000        13.475847888305946     
   1.5400000000000000        13.631055309865708     
   1.5500000000000000        13.787178711597042     
   1.5600000000000001        13.944218135359414     
   1.5700000000000001        14.102173637714351     
   1.5800000000000001        14.261045289776684     
   1.5900000000000001        14.420833177067369     
   1.6000000000000001        14.581537399367916     
   1.6100000000000001        14.743158070576353     
   1.6200000000000001        14.905695318564735     
   1.6300000000000001        15.069149285038160     
   1.6400000000000001        15.233520125395270     
   1.6500000000000001        15.398808008590237     
   1.6600000000000001        15.565013116996170     
   1.6699999999999999        15.732135646269969     
   1.6799999999999999        15.900175805218577     
   1.6899999999999999        16.069133815666618     
   1.7000000000000000        16.239009912325386     
   1.7100000000000000        16.409804342663207     
   1.7200000000000000        16.581517366777092     
   1.7300000000000000        16.754149257265727     
   1.7400000000000000        16.927700299103726     
   1.7500000000000000        17.102170789517157     
   1.7600000000000000        17.277561037860327     
   1.7700000000000000        17.453871365493786     
   1.7800000000000000        17.631102105663551     
   1.7900000000000000        17.809253603381521     
   1.8000000000000000        17.988326215307055     
   1.8100000000000001        18.168320309629742     
   1.8200000000000001        18.349236265953287     
   1.8300000000000001        18.531074475180525     
   1.8400000000000001        18.713835339399541     
   1.8500000000000001        18.897519271770911     
   1.8600000000000001        19.082126696415969     
   1.8700000000000001        19.267658048306185     
   1.8800000000000001        19.454113773153544     
   1.8900000000000001        19.641494327301977     
   1.9000000000000001        19.829800177619799     
   1.9100000000000001        20.019031801393144     
   1.9199999999999999        20.209189686220380     
   1.9299999999999999        20.400274329907500     
   1.9399999999999999        20.592286240364444     
   1.9500000000000000        20.785225935502393     
   1.9600000000000000        20.979093943131957     
   1.9700000000000000        21.173890800862281     
   1.9800000000000000        21.369617056001058     
   1.9900000000000000        21.566273265455411     
   2.0000000000000000        21.763859995633656     
   2.0100000000000002        21.962377822347907     
   2.0200000000000000        22.161827330717536     
   2.0300000000000002        22.362209115073444     
   2.0400000000000000        22.563523778863175     
   2.0499999999999998        22.765771934556810     
   2.0600000000000001        22.968954203553665     
   2.0699999999999998        23.173071216089763     
   2.0800000000000001        23.378123611146076     
   2.0899999999999999        23.584112036357517     
   2.1000000000000001        23.791037147922680     
   2.1099999999999999        23.998899610514311     
   2.1200000000000001        24.207700097190489     
   2.1299999999999999        24.417439289306536     
   2.1400000000000001        24.628117876427599     
   2.1499999999999999        24.839736556241935     
   2.1600000000000001        25.052296034474871     
   2.1699999999999999        25.265797024803415     
   2.1800000000000002        25.480240248771537     
   2.1899999999999999        25.695626435706078     
   2.2000000000000002        25.911956322633309     
   2.2100000000000000        26.129230654196089     
   2.2200000000000002        26.347450182571666     
   2.2300000000000000        26.566615667390057     
   2.2400000000000002        26.786727875653014     
   2.2500000000000000        27.007787581653609     
   2.2600000000000002        27.229795566896357     
   2.2700000000000000        27.452752620017915     
   2.2800000000000002        27.676659536708343     
   2.2900000000000000        27.901517119632899     
   2.3000000000000003        28.127326178354380     
   2.3100000000000001        28.354087529255974     
   2.3199999999999998        28.581801995464655     
   2.3300000000000001        28.810470406775078     
   2.3399999999999999        29.040093599573961     
   2.3500000000000001        29.270672416764974     
   2.3599999999999999        29.502207707694112     
   2.3700000000000001        29.734700328075547     
   2.3799999999999999        29.968151139917932     
   2.3900000000000001        30.202561011451188     
   2.3999999999999999        30.437930817053726     
   2.4100000000000001        30.674261437180110     
   2.4199999999999999        30.911553758289180     
   2.4300000000000002        31.149808672772579     
   2.4399999999999999        31.389027078883714     
   2.4500000000000002        31.629209880667126     
   2.4600000000000000        31.870357987888276     
   2.4700000000000002        32.112472315963714     
   2.4800000000000000        32.355553785891651     
   2.4900000000000002        32.599603324182922     
   2.5000000000000000        32.844621862792316     
   2.5100000000000002        33.090610339050272     
   2.5200000000000000        33.337569695594972     
   2.5300000000000002        33.585500880304743     
   2.5400000000000000        33.834404846230861     
   2.5500000000000003        34.084282551530663     
   2.5600000000000001        34.335134959401017     
   2.5699999999999998        34.586963038012108     
   2.5800000000000001        34.839767760441575     
   2.5899999999999999        35.093550104608937     
   2.6000000000000001        35.348311053210359     
   2.6099999999999999        35.604051593653736     
   2.6200000000000001        35.860772717994010     
   2.6299999999999999        36.118475422868890     
   2.6400000000000001        36.377160709434769     
   2.6499999999999999        36.636829583302962     
   2.6600000000000001        36.897483054476247     
   2.6699999999999999        37.159122137285650     
   2.6800000000000002        37.421747850327485     
   2.6899999999999999        37.685361216400700     
   2.7000000000000002        37.949963262444456     
   2.7100000000000000        38.215555019475950     
   2.7200000000000002        38.482137522528504     
   2.7300000000000000        38.749711810589893     
   2.7400000000000002        39.018278926540901     
   2.7500000000000000        39.287839917094111     
   2.7600000000000002        39.558395832732948     
   2.7700000000000000        39.829947727650897     
   2.7800000000000002        40.102496659690971     
   2.7900000000000000        40.376043690285414     
   2.8000000000000003        40.650589884395572     
   2.8100000000000001        40.926136310451966     
   2.8199999999999998        41.202684040294599     
   2.8300000000000001        41.480234149113450     
   2.8399999999999999        41.758787715389140     
   2.8500000000000001        42.038345820833804     
   2.8599999999999999        42.318909550332130     
   2.8700000000000001        42.600479991882608     
   2.8799999999999999        42.883058236538893     
   2.8900000000000001        43.166645378351419     
   2.8999999999999999        43.451242514309108     
   2.9100000000000001        43.736850744281284     
   2.9199999999999999        44.023471170959738     
   2.9300000000000002        44.311104899800945     
   2.9399999999999999        44.599753038968402     
   2.9500000000000002        44.889416699275195     
   2.9600000000000000        45.180096994126615     
   2.9700000000000002        45.471795039462975     
   2.9800000000000000        45.764511953702545     
   2.9900000000000002        46.058248857684625     
   3.0000000000000000        46.353006874612745     
   3.0100000000000002        46.648787129997991     
   3.0200000000000000        46.945590751602445     
   3.0300000000000002        47.243418869382786     
   3.0400000000000000        47.542272615433937     
   3.0500000000000003        47.842153123932917     
   3.0600000000000001        48.143061531082701     
   3.0700000000000003        48.444998975056286     
   3.0800000000000001        48.747966595940781     
   3.0899999999999999        49.051965535681653     
   3.1000000000000001        49.356996938027045     
   3.1099999999999999        49.663061948472205     
   3.1200000000000001        49.970161714203989     
   3.1299999999999999        50.278297384045487     
   3.1400000000000001        50.587470108400673     
   3.1499999999999999        50.897681039199234     
   3.1600000000000001        51.208931329841377     
   3.1699999999999999        51.521222135142821     
   3.1800000000000002        51.834554611279763     
   3.1899999999999999        52.148929915734001     
   3.2000000000000002        52.464349207238072     
   3.2100000000000000        52.780813645720499     
   3.2200000000000002        53.098324392251087     
   3.2300000000000000        53.416882608986278     
   3.2400000000000002        53.736489459114580     
   3.2500000000000000        54.057146106802051     
   3.2600000000000002        54.378853717137851     
   3.2700000000000000        54.701613456079819     
   3.2800000000000002        55.025426490400143     
   3.2900000000000000        55.350293987631062     
   3.3000000000000003        55.676217116010612     
   3.3100000000000001        56.003197044428425     
   3.3200000000000003        56.331234942371580     
   3.3300000000000001        56.660331979870485     
   3.3399999999999999        56.990489327444806     
   3.3500000000000001        57.321708156049439     
   3.3599999999999999        57.653989637020516     
   3.3700000000000001        57.987334942021441     
   3.3799999999999999        58.321745242988968     
   3.3900000000000001        58.657221712079313     
   3.3999999999999999        58.993765521614279     
   3.4100000000000001        59.331377844027436     
   3.4199999999999999        59.670059851810308     
   3.4300000000000002        60.009812717458580     
   3.4399999999999999        60.350637613418357     
   3.4500000000000002        60.692535712032431     
   3.4600000000000000        61.035508185486542     
   3.4700000000000002        61.379556205755698     
   3.4800000000000000        61.724680944550492     
   3.4900000000000002        62.070883573263444     
   3.5000000000000000        62.418165262915352     
   3.5100000000000002        62.766527184101648     
   3.5200000000000000        63.115970506938787     
   3.5300000000000002        63.466496401010637     
   3.5400000000000000        63.818106035314855     
   3.5500000000000003        64.170800578209310     
   3.5600000000000001        64.524581197358515     
   3.5700000000000003        64.879449059679999     
   3.5800000000000001        65.235405331290778     
   3.5899999999999999        65.592451177453725     
   3.6000000000000001        65.950587762524066     
   3.6099999999999999        66.309816249895761     
   3.6200000000000001        66.670137801947959     
   3.6299999999999999        67.031553579991410     
   3.6400000000000001        67.394064744214887     
   3.6499999999999999        67.757672453631656     
   3.6600000000000001        68.122377866025843     
   3.6699999999999999        68.488182137898889     
   3.6800000000000002        68.855086424415930     
   3.6899999999999999        69.223091879352211     
   3.7000000000000002        69.592199655039508     
   3.7100000000000000        69.962410902312484     
   3.7200000000000002        70.333726770455087     
   3.7300000000000000        70.706148407146927     
   3.7400000000000002        71.079676958409607     
   3.7500000000000000        71.454313568553104     
   3.7600000000000002        71.830059380122080     
   3.7700000000000000        72.206915533842249     
   3.7800000000000002        72.584883168566620     
   3.7900000000000000        72.963963421221877     
   3.8000000000000003        73.344157426754592     
   3.8100000000000001        73.725466318077537     
   3.8200000000000003        74.107891226015951     
   3.8300000000000001        74.491433279253727     
   3.8399999999999999        74.876093604279674     
   3.8500000000000001        75.261873325333696     
   3.8599999999999999        75.648773564353007     
   3.8700000000000001        76.036795440918283     
   3.8799999999999999        76.425940072199822     
   3.8900000000000001        76.816208572903705     
   3.8999999999999999        77.207602055217848     
   3.9100000000000001        77.600121628758146     
   3.9199999999999999        77.993768400514540     
   3.9300000000000002        78.388543474797089     
   3.9399999999999999        78.784447953181967     
   3.9500000000000002        79.181482934457520     
   3.9600000000000000        79.579649514570249     
   3.9700000000000002        79.978948786570783     
   3.9800000000000000        80.379381840559844     
   3.9900000000000002        80.780949763634183     
   4.0000000000000000        81.183653639832457     
