   0.0000000000000000        0.0000000000000000     
   1.0000000000000000E-002  0.20027773056534542     
   2.0000000000000000E-002  0.40083344849391483     
   2.9999999999999999E-002  0.60166740198676372     
   4.0000000000000001E-002  0.80277984059873464     
   5.0000000000000003E-002   1.0041710065469225     
   5.9999999999999998E-002   1.2058411372076556     
   7.0000000000000007E-002   1.4077904651260968     
   8.0000000000000002E-002   1.6100192180254538     
   8.9999999999999997E-002   1.8125276188158006     
  0.10000000000000001        2.0153158856025213     
  0.11000000000000000        2.2183842316943760     
  0.12000000000000000        2.4217328656111956     
  0.13000000000000000        2.6253619910912107     
  0.14000000000000001        2.8292718070980190     
  0.14999999999999999        3.0334625078271982     
  0.16000000000000000        3.2379342827125632     
  0.17000000000000001        3.4426873164320808     
  0.17999999999999999        3.6477217889134375     
  0.19000000000000000        3.8530378753392736     
  0.20000000000000001        4.0586357461520812     
  0.20999999999999999        4.2645155670587700     
  0.22000000000000000        4.4706774990349176     
  0.23000000000000001        4.6771216983286887     
  0.23999999999999999        4.8838483164644453     
  0.25000000000000000        5.0908575002460390     
  0.26000000000000001        5.2981493917598019     
  0.27000000000000002        5.5057241283772260     
  0.28000000000000003        5.7135818427573479     
  0.28999999999999998        5.9217226628488353     
  0.29999999999999999        6.1301467118917801     
  0.31000000000000000        6.3388541084192047     
  0.32000000000000001        6.5478449662582836     
  0.33000000000000002        6.7571193945312817     
  0.34000000000000002        6.9666774976562165     
  0.35000000000000003        7.1765193753472456     
  0.35999999999999999        7.3866451226147865     
  0.37000000000000000        7.5970548297653666     
  0.38000000000000000        7.8077485824012101     
  0.39000000000000001        8.0187264614195666     
  0.40000000000000002        8.2299885430117801     
  0.41000000000000003        8.4415348986621090     
  0.41999999999999998        8.6533655951462940     
  0.42999999999999999        8.8654806945298734     
  0.44000000000000000        9.0778802541662671     
  0.45000000000000001        9.2905643266946072     
  0.46000000000000002        9.5035329600373402     
  0.47000000000000003        9.7167861973975924     
  0.47999999999999998        9.9303240772562980     
  0.48999999999999999        10.144146633369109     
  0.50000000000000000        10.358253894763072     
  0.51000000000000001        10.572645885733085     
  0.52000000000000002        10.787322625838135     
  0.53000000000000003        11.002284129897317     
  0.54000000000000004        11.217530407985640     
  0.55000000000000004        11.433061465429621     
  0.56000000000000005        11.648877302802672     
  0.57000000000000006        11.864977915920283     
  0.57999999999999996        12.081363295834992     
  0.58999999999999997        12.298033428831159     
  0.59999999999999998        12.514988296419554     
  0.60999999999999999        12.732227875331734     
  0.62000000000000000        12.949752137514222     
  0.63000000000000000        13.167561050122524     
  0.64000000000000001        13.385654575514923     
  0.65000000000000002        13.604032671246111     
  0.66000000000000003        13.822695290060627     
  0.67000000000000004        14.041642379886122     
  0.68000000000000005        14.260873883826433     
  0.69000000000000006        14.480389740154489     
  0.70000000000000007        14.700189882305054     
  0.70999999999999996        14.920274238867270     
  0.71999999999999997        15.140642733577053     
  0.72999999999999998        15.361295285309319     
  0.73999999999999999        15.582231808070036     
  0.75000000000000000        15.803452210988119     
  0.76000000000000001        16.024956398307168     
  0.77000000000000002        16.246744269377032     
  0.78000000000000003        16.468815718645239     
  0.79000000000000004        16.691170635648248     
  0.80000000000000004        16.913808905002568     
  0.81000000000000005        17.136730406395710     
  0.82000000000000006        17.359935014577008     
  0.83000000000000007        17.583422599348271     
  0.83999999999999997        17.807193025554312     
  0.84999999999999998        18.031246153073329     
  0.85999999999999999        18.255581836807121     
  0.87000000000000000        18.480199926671212     
  0.88000000000000000        18.705100267584786     
  0.89000000000000001        18.930282699460530     
  0.90000000000000002        19.155747057194318     
  0.91000000000000003        19.381493170654771     
  0.92000000000000004        19.607520864672686     
  0.93000000000000005        19.833829959030343     
  0.94000000000000006        20.060420268450674     
  0.95000000000000007        20.287291602586322     
  0.95999999999999996        20.514443766008558     
  0.96999999999999997        20.741876558196097     
  0.97999999999999998        20.969589773523786     
  0.98999999999999999        21.197583201251167     
   1.0000000000000000        21.425856625510942     
   1.0100000000000000        21.654409825297304     
   1.0200000000000000        21.883242574454158     
   1.0300000000000000        22.112354641663259     
   1.0400000000000000        22.341745790432196     
   1.0500000000000000        22.571415779082297     
   1.0600000000000001        22.801364360736432     
   1.0700000000000001        23.031591283306682     
   1.0800000000000001        23.262096289481935     
   1.0900000000000001        23.492879116715361     
   1.1000000000000001        23.723939497211809     
   1.1100000000000001        23.955277157915063     
   1.1200000000000001        24.186891820495060     
   1.1300000000000001        24.418783201334954     
   1.1400000000000001        24.650951011518131     
   1.1500000000000001        24.883394956815106     
   1.1599999999999999        25.116114737670333     
   1.1699999999999999        25.349110049188930     
   1.1799999999999999        25.582380581123310     
   1.1899999999999999        25.815926017859741     
   1.2000000000000000        26.049746038404802     
   1.2100000000000000        26.283840316371744     
   1.2200000000000000        26.518208519966816     
   1.2300000000000000        26.752850311975457     
   1.2400000000000000        26.987765349748440     
   1.2500000000000000        27.222953285187923     
   1.2600000000000000        27.458413764733439     
   1.2700000000000000        27.694146429347775     
   1.2800000000000000        27.930150914502828     
   1.2900000000000000        28.166426850165351     
   1.3000000000000000        28.402973860782627     
   1.3100000000000001        28.639791565268098     
   1.3200000000000001        28.876879576986902     
   1.3300000000000001        29.114237503741350     
   1.3400000000000001        29.351864947756340     
   1.3500000000000001        29.589761505664701     
   1.3600000000000001        29.827926768492475     
   1.3700000000000001        30.066360321644130     
   1.3800000000000001        30.305061744887734     
   1.3900000000000001        30.544030612340038     
   1.4000000000000001        30.783266492451521     
   1.4099999999999999        31.022768947991374     
   1.4199999999999999        31.262537536032429     
   1.4299999999999999        31.502571807936022     
   1.4399999999999999        31.742871309336820     
   1.4500000000000000        31.983435580127576     
   1.4600000000000000        32.224264154443865     
   1.4700000000000000        32.465356560648715     
   1.4800000000000000        32.706712321317255     
   1.4900000000000000        32.948330953221273     
   1.5000000000000000        33.190211967313736     
   1.5100000000000000        33.432354868713261     
   1.5200000000000000        33.674759156688580     
   1.5300000000000000        33.917424324642887     
   1.5400000000000000        34.160349860098236     
   1.5500000000000000        34.403535244679823     
   1.5600000000000001        34.646979954100260     
   1.5700000000000001        34.890683458143826     
   1.5800000000000001        35.134645220650647     
   1.5900000000000001        35.378864699500873     
   1.6000000000000001        35.623341346598799     
   1.6100000000000001        35.868074607856983     
   1.6200000000000001        36.113063923180285     
   1.6300000000000001        36.358308726449913     
   1.6400000000000001        36.603808445507433     
   1.6500000000000001        36.849562502138745     
   1.6600000000000001        37.095570312058044     
   1.6699999999999999        37.341831284891740     
   1.6799999999999999        37.588344824162355     
   1.6899999999999999        37.835110327272403     
   1.7000000000000000        38.082127185488268     
   1.7100000000000000        38.329394783924023     
   1.7200000000000000        38.576912501525243     
   1.7300000000000000        38.824679711052831     
   1.7400000000000000        39.072695779066763     
   1.7500000000000000        39.320960065909887     
   1.7600000000000000        39.569471925691673     
   1.7700000000000000        39.818230706271926     
   1.7800000000000000        40.067235749244539     
   1.7900000000000000        40.316486389921202     
   1.8000000000000000        40.565981957315103     
   1.8100000000000001        40.815721774124619     
   1.8200000000000001        41.065705156717023     
   1.8300000000000001        41.315931415112161     
   1.8400000000000001        41.566399852966121     
   1.8500000000000001        41.817109767554918     
   1.8600000000000001        42.068060449758157     
   1.8700000000000001        42.319251184042720     
   1.8800000000000001        42.570681248446412     
   1.8900000000000001        42.822349914561656     
   1.9000000000000001        43.074256447519154     
   1.9100000000000001        43.326400105971551     
   1.9199999999999999        43.578780142077150     
   1.9299999999999999        43.831395801483566     
   1.9399999999999999        44.084246323311426     
   1.9500000000000000        44.337330940138102     
   1.9600000000000000        44.590648877981387     
   1.9700000000000000        44.844199356283220     
   1.9800000000000000        45.097981587893436     
   1.9900000000000000        45.351994779053506     
   2.0000000000000000        45.606238129380301     
   2.0100000000000002        45.860710831849865     
   2.0200000000000000        46.115412072781197     
   2.0300000000000002        46.370341031820097     
   2.0400000000000000        46.625496881922963     
   2.0499999999999998        46.880878789340656     
   2.0600000000000001        47.136485913602371     
   2.0699999999999998        47.392317407499533     
   2.0800000000000001        47.648372417069723     
   2.0899999999999999        47.904650081580598     
   2.1000000000000001        48.161149533513907     
   2.1099999999999999        48.417869898549455     
   2.1200000000000001        48.674810295549136     
   2.1299999999999999        48.931969836541015     
   2.1400000000000001        49.189347626703388     
   2.1499999999999999        49.446942764348925     
   2.1600000000000001        49.704754340908835     
   2.1699999999999999        49.962781440917034     
   2.1800000000000002        50.221023141994401     
   2.1899999999999999        50.479478514833033     
   2.2000000000000002        50.738146623180548     
   2.2100000000000000        50.997026523824445     
   2.2200000000000002        51.256117266576496     
   2.2300000000000000        51.515417894257155     
   2.2400000000000002        51.774927442680060     
   2.2500000000000000        52.034644940636554     
   2.2600000000000002        52.294569409880246     
   2.2700000000000000        52.554699865111623     
   2.2800000000000002        52.815035313962738     
   2.2900000000000000        53.075574756981915     
   2.3000000000000003        53.336317187618519     
   2.3100000000000001        53.597261592207786     
   2.3199999999999998        53.858406949955715     
   2.3300000000000001        54.119752232923965     
   2.3399999999999999        54.381296406014897     
   2.3500000000000001        54.643038426956586     
   2.3599999999999999        54.904977246287956     
   2.3700000000000001        55.167111807343943     
   2.3799999999999999        55.429441046240747     
   2.3900000000000001        55.691963891861100     
   2.3999999999999999        55.954679265839673     
   2.4100000000000001        56.217586082548479     
   2.4199999999999999        56.480683249082389     
   2.4300000000000002        56.743969665244691     
   2.4399999999999999        57.007444223532758     
   2.4500000000000002        57.271105809123732     
   2.4600000000000000        57.534953299860327     
   2.4700000000000002        57.798985566236681     
   2.4800000000000000        58.063201471384325     
   2.4900000000000002        58.327599871058169     
   2.5000000000000000        58.592179613622612     
   2.5100000000000002        58.856939540037715     
   2.5200000000000000        59.121878483845478     
   2.5300000000000002        59.386995271156152     
   2.5400000000000000        59.652288720634701     
   2.5500000000000003        59.917757643487285     
   2.5600000000000001        60.183400843447885     
   2.5699999999999998        60.449217116764991     
   2.5800000000000001        60.715205252188390     
   2.5899999999999999        60.981364030956001     
   2.6000000000000001        61.247692226780899     
   2.6099999999999999        61.514188605838335     
   2.6200000000000001        61.780851926752916     
   2.6299999999999999        62.047680940585856     
   2.6400000000000001        62.314674390822326     
   2.6499999999999999        62.581831013358922     
   2.6600000000000001        62.849149536491218     
   2.6699999999999999        63.116628680901421     
   2.6800000000000002        63.384267159646150     
   2.6899999999999999        63.652063678144302     
   2.7000000000000002        63.920016934165034     
   2.7100000000000000        64.188125617815871     
   2.7200000000000002        64.456388411530867     
   2.7300000000000000        64.724803990058973     
   2.7400000000000002        64.993371020452429     
   2.7500000000000000        65.262088162055321     
   2.7600000000000002        65.530954066492257     
   2.7700000000000000        65.799967377657097     
   2.7800000000000002        66.069126731701900     
   2.7900000000000000        66.338430757025961     
   2.8000000000000003        66.607878074264889     
   2.8100000000000001        66.877467296279931     
   2.8199999999999998        67.147197028147360     
   2.8300000000000001        67.417065867147983     
   2.8399999999999999        67.687072402756769     
   2.8500000000000001        67.957215216632719     
   2.8599999999999999        68.227492882608658     
   2.8700000000000001        68.497903966681406     
   2.8799999999999999        68.768447027001869     
   2.8900000000000001        69.039120613865421     
   2.8999999999999999        69.309923269702324     
   2.9100000000000001        69.580853529068364     
   2.9199999999999999        69.851909918635542     
   2.9300000000000002        70.123090957182995     
   2.9399999999999999        70.394395155588043     
   2.9500000000000002        70.665821016817304     
   2.9600000000000000        70.937367035918101     
   2.9700000000000002        71.209031700009845     
   2.9800000000000000        71.480813488275729     
   2.9900000000000002        71.752710871954477     
   3.0000000000000000        72.024722314332251     
   3.0100000000000002        72.296846270734790     
   3.0200000000000000        72.569081188519618     
   3.0300000000000002        72.841425507068479     
   3.0400000000000000        73.113877657779838     
   3.0500000000000003        73.386436064061698     
   3.0600000000000001        73.659099141324432     
   3.0700000000000003        73.931865296973825     
   3.0800000000000001        74.204732930404347     
   3.0899999999999999        74.477700432992535     
   3.1000000000000001        74.750766188090523     
   3.1099999999999999        75.023928571019809     
   3.1200000000000001        75.297185949065152     
   3.1299999999999999        75.570536681468653     
   3.1400000000000001        75.843979119424020     
   3.1499999999999999        76.117511606071020     
   3.1600000000000001        76.391132476490085     
   3.1699999999999999        76.664840057697120     
   3.1800000000000002        76.938632668638462     
   3.1899999999999999        77.212508620186128     
   3.2000000000000002        77.486466215133078     
   3.2100000000000000        77.760503748188810     
   3.2200000000000002        78.034619505975115     
   3.2300000000000000        78.308811767021965     
   3.2400000000000002        78.583078801763662     
   3.2500000000000000        78.857418872535163     
   3.2600000000000002        79.131830233568550     
   3.2700000000000000        79.406311130989806     
   3.2800000000000002        79.680859802815675     
   3.2900000000000000        79.955474478950819     
   3.3000000000000003        80.230153381185104     
   3.3100000000000001        80.504894723191143     
   3.3200000000000003        80.779696710522046     
   3.3300000000000001        81.054557540609295     
   3.3399999999999999        81.329475402760991     
   3.3500000000000001        81.604448478160151     
   3.3599999999999999        81.879474939863272     
   3.3700000000000001        82.154552952799207     
   3.3799999999999999        82.429680673768075     
   3.3900000000000001        82.704856251440560     
   3.3999999999999999        82.980077826357316     
   3.4100000000000001        83.255343530928670     
   3.4199999999999999        83.530651489434518     
   3.4300000000000002        83.805999818024432     
   3.4399999999999999        84.081386624717979     
   3.4500000000000002        84.356810009405365     
   3.4600000000000000        84.632268063848201     
   3.4700000000000002        84.907758871680556     
   3.4800000000000000        85.183280508410220     
   3.4900000000000002        85.458831041420225     
   3.5000000000000000        85.734408529970608     
   3.5100000000000002        86.010011025200342     
   3.5200000000000000        86.285636570129654     
   3.5300000000000002        86.561283199662427     
   3.5400000000000000        86.836948940588940     
   3.5500000000000003        87.112631811588798     
   3.5600000000000001        87.388329823234230     
   3.5700000000000003        87.664040977993466     
   3.5800000000000001        87.939763270234437     
   3.5899999999999999        88.215494686228809     
   3.6000000000000001        88.491233204156160     
   3.6099999999999999        88.766976794108444     
   3.6200000000000001        89.042723418094766     
   3.6299999999999999        89.318471030046311     
   3.6400000000000001        89.594217575821659     
   3.6499999999999999        89.869960993212246     
   3.6600000000000001        90.145699211948184     
   3.6699999999999999        90.421430153704321     
   3.6800000000000002        90.697151732106519     
   3.6899999999999999        90.972861852738220     
   3.7000000000000002        91.248558413147379     
   3.7100000000000000        91.524239302853530     
   3.7200000000000002        91.799902403355219     
   3.7300000000000000        92.075545588137658     
   3.7400000000000002        92.351166722680730     
   3.7500000000000000        92.626763664467177     
   3.7600000000000002        92.902334262991175     
   3.7700000000000000        93.177876359767083     
   3.7800000000000002        93.453387788338560     
   3.7900000000000000        93.728866374287946     
   3.8000000000000003        94.004309935245928     
   3.8100000000000001        94.279716280901440     
   3.8200000000000003        94.555083213011997     
   3.8300000000000001        94.830408525414143     
   3.8399999999999999        95.105690004034372     
   3.8500000000000001        95.380925426900163     
   3.8599999999999999        95.656112564151471     
   3.8700000000000001        95.931249178052440     
   3.8799999999999999        96.206333023003424     
   3.8900000000000001        96.481361845553323     
   3.8999999999999999        96.756333384412216     
   3.9100000000000001        97.031245370464291     
   3.9199999999999999        97.306095526781107     
   3.9300000000000002        97.580881568635164     
   3.9399999999999999        97.855601203513729     
   3.9500000000000002        98.130252131133048     
   3.9600000000000000        98.404832043452856     
   3.9700000000000002        98.679338624691155     
   3.9800000000000000        98.953769551339377     
   3.9900000000000002        99.228122492177775     
   4.0000000000000000        99.502395108291253     
