   0.0000000000000000        0.0000000000000000     
   1.0000000000000000E-002  0.29860920975636618     
   2.0000000000000000E-002  0.59583328653273515     
   2.9999999999999999E-002  0.89167786254161785     
   4.0000000000000001E-002   1.1861485450545475     
   5.0000000000000003E-002   1.4792509165181054     
   5.9999999999999998E-002   1.7709905346675363     
   7.0000000000000007E-002   2.0613729326397441     
   8.0000000000000002E-002   2.3504036190856925     
   8.9999999999999997E-002   2.6380880782822116     
  0.10000000000000001        2.9244317702432210     
  0.11000000000000000        3.2094401308303655     
  0.12000000000000000        3.4931185718630759     
  0.13000000000000000        3.7754724812280522     
  0.14000000000000001        4.0565072229881762     
  0.14999999999999999        4.3362281374908598     
  0.16000000000000000        4.6146405414758265     
  0.17000000000000001        4.8917497281823410     
  0.17999999999999999        5.1675609674558771     
  0.19000000000000000        5.4420795058542382     
  0.20000000000000001        5.7153105667531321     
  0.20999999999999999        5.9872593504511995     
  0.22000000000000000        6.2579310342745051     
  0.23000000000000001        6.5273307726804957     
  0.23999999999999999        6.7954636973614218     
  0.25000000000000000        7.0623349173472336     
  0.26000000000000001        7.3279495191079516     
  0.27000000000000002        7.5923125666555196     
  0.28000000000000003        7.8554291016451367     
  0.28999999999999998        8.1173041434760762     
  0.29999999999999999        8.3779426893919950     
  0.31000000000000000        8.6373497145807434     
  0.32000000000000001        8.8955301722736522     
  0.33000000000000002        9.1524889938443383     
  0.34000000000000002        9.4082310889070175     
  0.35000000000000003        9.6627613454143013     
  0.35999999999999999        9.9160846297545220     
  0.37000000000000000        10.168205786848572     
  0.38000000000000000        10.419129640246249     
  0.39000000000000001        10.668860992222127     
  0.40000000000000002        10.917404623870954     
  0.41000000000000003        11.164765295202576     
  0.41999999999999998        11.410947745236378     
  0.42999999999999999        11.655956692095273     
  0.44000000000000000        11.899796833099220     
  0.45000000000000001        12.142472844858283     
  0.46000000000000002        12.383989383365225     
  0.47000000000000003        12.624351084087660     
  0.47999999999999998        12.863562562059743     
  0.48999999999999999        13.101628411973405     
  0.50000000000000000        13.338553208269159     
  0.51000000000000001        13.574341505226451     
  0.52000000000000002        13.808997837053569     
  0.53000000000000003        14.042526717977122     
  0.54000000000000004        14.274932642331079     
  0.55000000000000004        14.506220084645372     
  0.56000000000000005        14.736393499734087     
  0.57000000000000006        14.965457322783198     
  0.57999999999999996        15.193415969437911     
  0.58999999999999997        15.420273835889567     
  0.59999999999999998        15.646035298962122     
  0.60999999999999999        15.870704716198231     
  0.62000000000000000        16.094286425944901     
  0.63000000000000000        16.316784747438739     
  0.64000000000000001        16.538203980890806     
  0.65000000000000002        16.758548407571030     
  0.66000000000000003        16.977822289892252     
  0.67000000000000004        17.196029871493863     
  0.68000000000000005        17.413175377325029     
  0.69000000000000006        17.629263013727527     
  0.70000000000000007        17.844296968518208     
  0.70999999999999996        18.058281411071029     
  0.71999999999999997        18.271220492398736     
  0.72999999999999998        18.483118345234146     
  0.73999999999999999        18.693979084111032     
  0.75000000000000000        18.903806805444656     
  0.76000000000000001        19.112605587611895     
  0.77000000000000002        19.320379491031009     
  0.78000000000000003        19.527132558241028     
  0.79000000000000004        19.732868813980772     
  0.80000000000000004        19.937592265267490     
  0.81000000000000005        20.141306901475144     
  0.82000000000000006        20.344016694412325     
  0.83000000000000007        20.545725598399802     
  0.83999999999999997        20.746437550347711     
  0.84999999999999998        20.946156469832388     
  0.85999999999999999        21.144886259172857     
  0.87000000000000000        21.342630803506928     
  0.88000000000000000        21.539393970866996     
  0.89000000000000001        21.735179612255429     
  0.90000000000000002        21.929991561719671     
  0.91000000000000003        22.123833636426944     
  0.92000000000000004        22.316709636738643     
  0.93000000000000005        22.508623346284374     
  0.94000000000000006        22.699578532035648     
  0.95000000000000007        22.889578944379263     
  0.95999999999999996        23.078628317190308     
  0.96999999999999997        23.266730367904870     
  0.97999999999999998        23.453888797592391     
  0.98999999999999999        23.640107291027711     
   1.0000000000000000        23.825389516762751     
   1.0100000000000000        24.009739127197907     
   1.0200000000000000        24.193159758653106     
   1.0300000000000000        24.375655031438523     
   1.0400000000000000        24.557228549925004     
   1.0500000000000000        24.737883902614154     
   1.0600000000000001        24.917624662208119     
   1.0700000000000001        25.096454385679042     
   1.0800000000000001        25.274376614338209     
   1.0900000000000001        25.451394873904889     
   1.1000000000000001        25.627512674574866     
   1.1100000000000001        25.802733511088650     
   1.1200000000000001        25.977060862799398     
   1.1300000000000001        26.150498193740518     
   1.1400000000000001        26.323048952692989     
   1.1500000000000001        26.494716573252347     
   1.1599999999999999        26.665504473895410     
   1.1699999999999999        26.835416058046683     
   1.1799999999999999        27.004454714144469     
   1.1899999999999999        27.172623815706693     
   1.2000000000000000        27.339926721396438     
   1.2100000000000000        27.506366775087169     
   1.2200000000000000        27.671947305927691     
   1.2300000000000000        27.836671628406812     
   1.2400000000000000        28.000543042417711     
   1.2500000000000000        28.163564833322031     
   1.2600000000000000        28.325740272013693     
   1.2700000000000000        28.487072614982427     
   1.2800000000000000        28.647565104377016     
   1.2900000000000000        28.807220968068265     
   1.3000000000000000        28.966043419711692     
   1.3100000000000001        29.124035658809959     
   1.3200000000000001        29.281200870775013     
   1.3300000000000001        29.437542226989958     
   1.3400000000000001        29.593062884870665     
   1.3500000000000001        29.747765987927103     
   1.3600000000000001        29.901654665824417     
   1.3700000000000001        30.054732034443710     
   1.3800000000000001        30.207001195942606     
   1.3900000000000001        30.358465238815509     
   1.4000000000000001        30.509127237953621     
   1.4099999999999999        30.658990254704705     
   1.4199999999999999        30.808057336932571     
   1.4299999999999999        30.956331519076311     
   1.4399999999999999        31.103815822209295     
   1.4500000000000000        31.250513254097886     
   1.4600000000000000        31.396426809259928     
   1.4700000000000000        31.541559469022957     
   1.4800000000000000        31.685914201582182     
   1.4900000000000000        31.829493962058208     
   1.5000000000000000        31.972301692554517     
   1.5100000000000000        32.114340322214694     
   1.5200000000000000        32.255612767279402     
   1.5300000000000000        32.396121931143149     
   1.5400000000000000        32.535870704410769     
   1.5500000000000000        32.674861964953692     
   1.5600000000000001        32.813098577965960     
   1.5700000000000001        32.950583396020008     
   1.5800000000000001        33.087319259122204     
   1.5900000000000001        33.223308994768161     
   1.6000000000000001        33.358555417997813     
   1.6100000000000001        33.493061331450257     
   1.6200000000000001        33.626829525418358     
   1.6300000000000001        33.759862777903130     
   1.6400000000000001        33.892163854667864     
   1.6500000000000001        34.023735509292095     
   1.6600000000000001        34.154580483225239     
   1.6699999999999999        34.284701505840104     
   1.6799999999999999        34.414101294486095     
   1.6899999999999999        34.542782554542278     
   1.7000000000000000        34.670747979470129     
   1.7100000000000000        34.798000250866131     
   1.7200000000000000        34.924542038514140     
   1.7300000000000000        35.050376000437502     
   1.7400000000000000        35.175504782950981     
   1.7500000000000000        35.299931020712442     
   1.7600000000000000        35.423657336774390     
   1.7700000000000000        35.546686342635176     
   1.7800000000000000        35.669020638290093     
   1.7900000000000000        35.790662812282214     
   1.8000000000000000        35.911615441753050     
   1.8100000000000001        36.031881092492931     
   1.8200000000000001        36.151462318991264     
   1.8300000000000001        36.270361664486522     
   1.8400000000000001        36.388581661016062     
   1.8500000000000001        36.506124829465705     
   1.8600000000000001        36.622993679619135     
   1.8700000000000001        36.739190710207112     
   1.8800000000000001        36.854718408956430     
   1.8900000000000001        36.969579252638709     
   1.9000000000000001        37.083775707118996     
   1.9100000000000001        37.197310227404138     
   1.9199999999999999        37.310185257690989     
   1.9299999999999999        37.422403231414371     
   1.9399999999999999        37.533966571294904     
   1.9500000000000000        37.644877689386583     
   1.9600000000000000        37.755138987124198     
   1.9700000000000000        37.864752855370547     
   1.9800000000000000        37.973721674463448     
   1.9900000000000000        38.082047814262580     
   2.0000000000000000        38.189733634196124     
   2.0100000000000002        38.296781483307207     
   2.0200000000000000        38.403193700300164     
   2.0300000000000002        38.508972613586629     
   2.0400000000000000        38.614120541331403     
   2.0499999999999998        38.718639791498191     
   2.0600000000000001        38.822532661895082     
   2.0699999999999998        38.925801440219921     
   2.0800000000000001        39.028448404105454     
   2.0899999999999999        39.130475821164275     
   2.1000000000000001        39.231885949033661     
   2.1099999999999999        39.332681035420158     
   2.1200000000000001        39.432863318144022     
   2.1299999999999999        39.532435025183482     
   2.1400000000000001        39.631398374718799     
   2.1499999999999999        39.729755575176192     
   2.1600000000000001        39.827508825271565     
   2.1699999999999999        39.924660314054044     
   2.1800000000000002        40.021212220949373     
   2.1899999999999999        40.117166715803116     
   2.2000000000000002        40.212525958923685     
   2.2100000000000000        40.307292101125235     
   2.2200000000000002        40.401467283770330     
   2.2300000000000000        40.495053638812486     
   2.2400000000000002        40.588053288838516     
   2.2500000000000000        40.680468347110754     
   2.2600000000000002        40.772300917609023     
   2.2700000000000000        40.863553095072547     
   2.2800000000000002        40.954226965041642     
   2.2900000000000000        41.044324603899206     
   2.3000000000000003        41.133848078912123     
   2.3100000000000001        41.222799448272461     
   2.3199999999999998        41.311180761138509     
   2.3300000000000001        41.398994057675665     
   2.3399999999999999        41.486241369097165     
   2.3500000000000001        41.572924717704623     
   2.3599999999999999        41.659046116928472     
   2.3700000000000001        41.744607571368185     
   2.3799999999999999        41.829611076832371     
   2.3900000000000001        41.914058620378732     
   2.3999999999999999        41.997952180353799     
   2.4100000000000001        42.081293726432612     
   2.4199999999999999        42.164085219658155     
   2.4300000000000002        42.246328612480681     
   2.4399999999999999        42.328025848796898     
   2.4500000000000002        42.409178863988956     
   2.4600000000000000        42.489789584963347     
   2.4700000000000002        42.569859930189580     
   2.4800000000000000        42.649391809738788     
   2.4900000000000002        42.728387125322108     
   2.5000000000000000        42.806847770328993     
   2.5100000000000002        42.884775629865295     
   2.5200000000000000        42.962172580791275     
   2.5300000000000002        43.039040491759408     
   2.5400000000000000        43.115381223252093     
   2.5500000000000003        43.191196627619171     
   2.5600000000000001        43.266488549115344     
   2.5699999999999998        43.341258823937437     
   2.5800000000000001        43.415509280261503     
   2.5899999999999999        43.489241738279787     
   2.6000000000000001        43.562458010237577     
   2.6099999999999999        43.635159900469894     
   2.6200000000000001        43.707349205438028     
   2.6299999999999999        43.779027713765984     
   2.6400000000000001        43.850197206276739     
   2.6499999999999999        43.920859456028381     
   2.6600000000000001        43.991016228350141     
   2.6699999999999999        44.060669280878223     
   2.6800000000000002        44.129820363591570     
   2.6899999999999999        44.198471218847438     
   2.7000000000000002        44.266623581416887     
   2.7100000000000000        44.334279178520077     
   2.7200000000000002        44.401439729861515     
   2.7300000000000000        44.468106947665078     
   2.7400000000000002        44.534282536708979     
   2.7500000000000000        44.599968194360564     
   2.7600000000000002        44.665165610610970     
   2.7700000000000000        44.729876468109694     
   2.7800000000000002        44.794102442199019     
   2.7900000000000000        44.857845200948276     
   2.8000000000000003        44.921106405188020     
   2.8100000000000001        44.983887708544053     
   2.8199999999999998        45.046190757471358     
   2.8300000000000001        45.108017191287857     
   2.8399999999999999        45.169368642208092     
   2.8500000000000001        45.230246735376738     
   2.8599999999999999        45.290653088902019     
   2.8700000000000001        45.350589313889003     
   2.8799999999999999        45.410057014472748     
   2.8900000000000001        45.469057787851362     
   2.8999999999999999        45.527593224318913     
   2.9100000000000001        45.585664907298231     
   2.9199999999999999        45.643274413373589     
   2.9300000000000002        45.700423312323245     
   2.9399999999999999        45.757113167151921     
   2.9500000000000002        45.813345534123073     
   2.9600000000000000        45.869121962791134     
   2.9700000000000002        45.924443996033574     
   2.9800000000000000        45.979313170082889     
   2.9900000000000002        46.033731014558434     
   3.0000000000000000        46.087699052498166     
   3.0100000000000002        46.141218800390277     
   3.0200000000000000        46.194291768204671     
   3.0300000000000002        46.246919459424390     
   3.0400000000000000        46.299103371076846     
   3.0500000000000003        46.350844993765037     
   3.0600000000000001        46.402145811698574     
   3.0700000000000003        46.453007302724608     
   3.0800000000000001        46.503430938358676     
   3.0899999999999999        46.553418183815403     
   3.1000000000000001        46.602970498039127     
   3.1099999999999999        46.652089333734381     
   3.1200000000000001        46.700776137396282     
   3.1299999999999999        46.749032349340801     
   3.1400000000000001        46.796859403734956     
   3.1499999999999999        46.844258728626841     
   3.1600000000000001        46.891231745975588     
   3.1699999999999999        46.937779871681236     
   3.1800000000000002        46.983904515614427     
   3.1899999999999999        47.029607081646084     
   3.2000000000000002        47.074888967676905     
   3.2100000000000000        47.119751565666789     
   3.2200000000000002        47.164196261664173     
   3.2300000000000000        47.208224435835241     
   3.2400000000000002        47.251837462493000     
   3.2500000000000000        47.295036710126332     
   3.2600000000000002        47.337823541428868     
   3.2700000000000000        47.380199313327800     
   3.2800000000000002        47.422165377012568     
   3.2900000000000000        47.463723077963472     
   3.3000000000000003        47.504873755980157     
   3.3100000000000001        47.545618745210021     
   3.3200000000000003        47.585959374176490     
   3.3300000000000001        47.625896965807243     
   3.3399999999999999        47.665432837462284     
   3.3500000000000001        47.704568300961945     
   3.3599999999999999        47.743304662614804     
   3.3700000000000001        47.781643223245460     
   3.3799999999999999        47.819585278222256     
   3.3900000000000001        47.857132117484873     
   3.3999999999999999        47.894285025571854     
   3.4100000000000001        47.931045281648004     
   3.4199999999999999        47.967414159531714     
   3.4300000000000002        48.003392927722210     
   3.4399999999999999        48.038982849426624     
   3.4500000000000002        48.074185182587087     
   3.4600000000000000        48.109001179907629     
   3.4700000000000002        48.143432088881035     
   3.4800000000000000        48.177479151815611     
   3.4900000000000002        48.211143605861835     
   3.5000000000000000        48.244426683038910     
   3.5100000000000002        48.277329610261255     
   3.5200000000000000        48.309853609364893     
   3.5300000000000002        48.341999897133718     
   3.5400000000000000        48.373769685325719     
   3.5500000000000003        48.405164180699074     
   3.5600000000000001        48.436184585038191     
   3.5700000000000003        48.466832095179619     
   3.5800000000000001        48.497107903037879     
   3.5899999999999999        48.527013195631248     
   3.6000000000000001        48.556549155107398     
   3.6099999999999999        48.585716958768970     
   3.6200000000000001        48.614517779099074     
   3.6299999999999999        48.642952783786676     
   3.6400000000000001        48.671023135751895     
   3.6499999999999999        48.698729993171277     
   3.6600000000000001        48.726074509502865     
   3.6699999999999999        48.753057833511313     
   3.6800000000000002        48.779681109292802     
   3.6899999999999999        48.805945476299954     
   3.7000000000000002        48.831852069366604     
   3.7100000000000000        48.857402018732536     
   3.7200000000000002        48.882596450068071     
   3.7300000000000000        48.907436484498639     
   3.7400000000000002        48.931923238629231     
   3.7500000000000000        48.956057824568759     
   3.7600000000000002        48.979841349954363     
   3.7700000000000000        49.003274917975602     
   3.7800000000000002        49.026359627398584     
   3.7900000000000000        49.049096572590024     
   3.8000000000000003        49.071486843541187     
   3.8100000000000001        49.093531525891770     
   3.8200000000000003        49.115231700953707     
   3.8300000000000001        49.136588445734880     
   3.8399999999999999        49.157602832962745     
   3.8500000000000001        49.178275931107919     
   3.8599999999999999        49.198608804407613     
   3.8700000000000001        49.218602512889071     
   3.8799999999999999        49.238258112392849     
   3.8900000000000001        49.257576654596072     
   3.8999999999999999        49.276559187035588     
   3.9100000000000001        49.295206753131062     
   3.9199999999999999        49.313520392207934     
   3.9300000000000002        49.331501139520391     
   3.9399999999999999        49.349150026274188     
   3.9500000000000002        49.366468079649415     
   3.9600000000000000        49.383456322823186     
   3.9700000000000002        49.400115774992273     
   3.9800000000000000        49.416447451395626     
   3.9900000000000002        49.432452363336822     
   4.0000000000000000        49.448131518206466     
