   0.0000000000000000        480.00000000000000     
   1.0000000000000000E-002   479.08751999999998     
   2.0000000000000000E-002   478.15711287265918     
   2.9999999999999999E-002   477.20850328454867     
   4.0000000000000001E-002   476.24141504934312     
   5.0000000000000003E-002   475.25557129387784     
   5.9999999999999998E-002   474.25069463232973     
   7.0000000000000007E-002   473.22650734867807     
   8.0000000000000002E-002   472.18273158759348     
   8.9999999999999997E-002   471.11908955389464     
  0.10000000000000001        470.03530372070372     
  0.11000000000000000        468.93109704642012     
  0.12000000000000000        467.80619320062141     
  0.13000000000000000        466.66031679898782     
  0.14000000000000001        465.49319364733287     
  0.14999999999999999        464.30455099480855     
  0.16000000000000000        463.09411779633706     
  0.17000000000000001        461.86162498430519     
  0.17999999999999999        460.60680574953830     
  0.19000000000000000        459.32939583155223     
  0.20000000000000001        458.02913381806042     
  0.20999999999999999        456.70576145369233     
  0.22000000000000000        455.35902395785575     
  0.23000000000000001        453.98867035165108     
  0.23999999999999999        452.59445379372085     
  0.25000000000000000        451.17613192489000     
  0.26000000000000001        449.73346722142497     
  0.27000000000000002        448.26622735671026     
  0.28000000000000003        446.77418557110991     
  0.28999999999999998        445.25712104975116     
  0.29999999999999999        443.71481930793249     
  0.31000000000000000        442.14707258382663     
  0.32000000000000001        440.55368023811252     
  0.33000000000000002        438.93444916013488     
  0.34000000000000002        437.28919418015340     
  0.35000000000000003        435.61773848720537     
  0.35999999999999999        433.91991405206795     
  0.37000000000000000        432.19556205476664     
  0.38000000000000000        430.44453331603751     
  0.39000000000000001        428.66668873211063     
  0.40000000000000002        426.86189971214270     
  0.41000000000000003        425.03004861758569     
  0.41999999999999998        423.17102920273953     
  0.42999999999999999        421.28474705569579     
  0.44000000000000000        419.37112003884124     
  0.45000000000000001        417.43007872805003     
  0.46000000000000002        415.46156684965655     
  0.47000000000000003        413.46554171426311     
  0.47999999999999998        411.44197464640132     
  0.48999999999999999        409.39085140903194     
  0.50000000000000000        407.31217262183452     
  0.51000000000000001        405.20595417220903     
  0.52000000000000002        403.07222761788142     
  0.53000000000000003        400.91104057998029     
  0.54000000000000004        398.72245712542804     
  0.55000000000000004        396.50655813746852     
  0.56000000000000005        394.26344167313732     
  0.57000000000000006        391.99322330646561     
  0.57999999999999996        389.69603645619833     
  0.58999999999999997        387.37203269680145     
  0.59999999999999998        385.02138205153017     
  0.60999999999999999        382.64427326633182     
  0.62000000000000000        380.24091406336390     
  0.63000000000000000        377.81153137291869     
  0.64000000000000001        375.35637154256136     
  0.65000000000000002        372.87570052231052     
  0.66000000000000003        370.36980402471545     
  0.67000000000000004        367.83898765871595     
  0.68000000000000005        365.28357703620804     
  0.69000000000000006        362.70391785028028     
  0.70000000000000007        360.10037592413380     
  0.70999999999999996        357.47333722975247     
  0.71999999999999997        354.82320787544785     
  0.72999999999999998        352.15041406146793     
  0.73999999999999999        349.45540200292845     
  0.75000000000000000        346.73863781939946     
  0.76000000000000001        344.00060739056033     
  0.77000000000000002        341.24181617741993     
  0.78000000000000003        338.46278900868890     
  0.79000000000000004        335.66406983198272     
  0.80000000000000004        332.84622142963400     
  0.81000000000000005        330.00982509899080     
  0.82000000000000006        327.15548029718479     
  0.83000000000000007        324.28380425045833     
  0.83999999999999997        321.39543152825047     
  0.84999999999999998        318.49101358235345     
  0.85999999999999999        315.57121825156412     
  0.87000000000000000        312.63672923236965     
  0.88000000000000000        309.68824551632053     
  0.89000000000000001        306.72648079485992     
  0.90000000000000002        303.75216283249102     
  0.91000000000000003        300.76603280927731     
  0.92000000000000004        297.76884463378167     
  0.93000000000000005        294.76136422765808     
  0.94000000000000006        291.74436878321524     
  0.95000000000000007        288.71864599537378     
  0.95999999999999996        285.68499326953525     
  0.96999999999999997        282.64421690697475     
  0.97999999999999998        279.59713126945644     
  0.98999999999999999        276.54455792485317     
   1.0000000000000000        273.48732477562629     
   1.0100000000000000        270.42626517209163     
   1.0200000000000000        267.36221701245881     
   1.0300000000000000        264.29602183168504     
   1.0400000000000000        261.22852388123152     
   1.0500000000000000        258.16056920184820     
   1.0600000000000001        255.09300469154326     
   1.0700000000000001        252.02667717091418     
   1.0800000000000001        248.96243244803037     
   1.0900000000000001        245.90111438506119     
   1.1000000000000001        242.84356396883780     
   1.1100000000000001        239.79061838752378     
   1.1200000000000001        236.74311011554676     
   1.1300000000000001        233.70186600891225     
   1.1400000000000001        230.66770641298109     
   1.1500000000000001        227.64144428474435     
   1.1599999999999999        224.62388433157383     
   1.1699999999999999        221.61582216836283     
   1.1799999999999999        218.61804349490171     
   1.1899999999999999        215.63132329525519     
   1.2000000000000000        212.65642506082492     
   1.2100000000000000        209.69410003869129     
   1.2200000000000000        206.74508650673363     
   1.2300000000000000        203.81010907692831     
   1.2400000000000000        200.88987802812028     
   1.2500000000000000        197.98508866945627     
   1.2600000000000000        195.09642073555688     
   1.2700000000000000        192.22453781439177     
   1.2800000000000000        189.37008680870758     
   1.2900000000000000        186.53369743174102     
   1.3000000000000000        183.71598173783335     
   1.3100000000000001        180.91753368844522     
   1.3200000000000001        178.13892875395385     
   1.3300000000000001        175.38072355149944     
   1.3400000000000001        172.64345551903324     
   1.3500000000000001        169.92764262560812     
   1.3600000000000001        167.23378311784285     
   1.3700000000000001        164.56235530238479     
   1.3800000000000001        161.91381736409321     
   1.3900000000000001        159.28860721956585     
   1.4000000000000001        156.68714240553655     
   1.4099999999999999        154.10982000158145     
   1.4199999999999999        151.55701658648547     
   1.4299999999999999        149.02908822754029     
   1.4399999999999999        146.52637050196935     
   1.4500000000000000        144.04917854960595     
   1.4600000000000000        141.59780715588545     
   1.4700000000000000        139.17253086415434     
   1.4800000000000000        136.77360411624539     
   1.4900000000000000        134.40126142022106     
   1.5000000000000000        132.05571754414515     
   1.5100000000000000        129.73716773470753     
   1.5200000000000000        127.44578795949529     
   1.5300000000000000        125.18173517167980     
   1.5400000000000000        122.94514759586879     
   1.5500000000000000        120.73614503385890     
   1.5600000000000001        118.55482918901471     
   1.5700000000000001        116.40128400799583     
   1.5800000000000001        114.27557603855432     
   1.5900000000000001        112.17775480212921     
   1.6000000000000001        110.10785317997413     
   1.6100000000000001        108.06588781156708     
   1.6200000000000001        106.05185950406829     
   1.6300000000000001        104.06575365161200     
   1.6400000000000001        102.10754066324202     
   1.6500000000000001        100.17717639832699     
   1.6600000000000001        98.274602608320635     
   1.6699999999999999        96.399747383763724     
   1.6799999999999999        94.552525605458513     
   1.6899999999999999        92.732839398781678     
   1.7000000000000000        90.940578590139538     
   1.7100000000000000        89.175621164607946     
   1.7200000000000000        87.437833723839177     
   1.7300000000000000        85.727071943359064     
   1.7400000000000000        84.043181028419454     
   1.7500000000000000        82.385996167613001     
   1.7600000000000000        80.755342983500086     
   1.7700000000000000        79.151037979540163     
   1.7800000000000000        77.572888982662548     
   1.7900000000000000        76.020695580854039     
   1.8000000000000000        74.494249555183089     
   1.8100000000000001        72.993335305721402     
   1.8200000000000001        71.517730270865400     
   1.8300000000000001        70.067205339599653     
   1.8400000000000001        68.641525256284311     
   1.8500000000000001        67.240449017586570     
   1.8600000000000001        65.863730261213917     
   1.8700000000000001        64.511117646143191     
   1.8800000000000001        63.182355224074485     
   1.8900000000000001        61.877182801873069     
   1.9000000000000001        60.595336294794976     
   1.9100000000000001        59.336548070323431     
   1.9199999999999999        58.100547282473173     
   1.9299999999999999        56.887060196448495     
   1.9399999999999999        55.695810503568076     
   1.9500000000000000        54.526519626395604     
   1.9600000000000000        53.378907014039804     
   1.9700000000000000        52.252690427610553     
   1.9800000000000000        51.147586215839702     
   1.9900000000000000        50.063309580895634     
   2.0000000000000000        48.999574834439763     
   2.0100000000000002        47.956095643991077     
   2.0200000000000000        46.932585269681333     
   2.0300000000000002        45.928756791499019     
   2.0400000000000000        44.944323327134121     
   2.0499999999999998        43.978998240548940     
   2.0600000000000001        43.032495341411895     
   2.0699999999999998        42.104529075542075     
   2.0800000000000001        41.194814706521974     
   2.0899999999999999        40.303068488644570     
   2.1000000000000001        39.429007831368565     
   2.1099999999999999        38.572351455462545     
   2.1200000000000001        37.732819541024526     
   2.1299999999999999        36.910133867568710     
   2.1400000000000001        36.104017946375293     
   2.1499999999999999        35.314197145302906     
   2.1600000000000001        34.540398806266005     
   2.1699999999999999        33.782352355581736     
   2.1800000000000002        33.039789407392277     
   2.1899999999999999        32.312443860369683     
   2.2000000000000002        31.600051987910607     
   2.2100000000000000        30.902352522028195     
   2.2200000000000002        30.219086731147843     
   2.2300000000000000        29.549998492012516     
   2.2400000000000002        28.894834355901875     
   2.2500000000000000        28.253343609367686     
   2.2600000000000002        27.625278329685848     
   2.2700000000000000        27.010393435222923     
   2.2800000000000002        26.408446730912338     
   2.2900000000000000        25.819198949032479     
   2.3000000000000003        25.242413785475634     
   2.3100000000000001        24.677857931693410     
   2.3199999999999998        24.125301102500632     
   2.3300000000000001        23.584516059916020     
   2.3399999999999999        23.055278633214019     
   2.3500000000000001        22.537367735358291     
   2.3599999999999999        22.030565375983155     
   2.3700000000000001        21.534656671085216     
   2.3799999999999999        21.049429849583177     
   2.3900000000000001        20.574676256899544     
   2.3999999999999999        20.110190355713652     
   2.4100000000000001        19.655769724031146     
   2.4199999999999999        19.211215050710692     
   2.4300000000000002        18.776330128584426     
   2.4399999999999999        18.350921845304278     
   2.4500000000000002        17.934800172042099     
   2.4600000000000000        17.527778150167233     
   2.4700000000000002        17.129671876020986     
   2.4800000000000000        16.740300483903258     
   2.4900000000000002        16.359486127382564     
   2.5000000000000000        15.987053959036535     
   2.5100000000000002        15.622832108726104     
   2.5200000000000000        15.266651660502593     
   2.5300000000000002        14.918346628243125     
   2.5400000000000000        14.577753930106027     
   2.5500000000000003        14.244713361894171     
   2.5600000000000001        13.919067569410636     
   2.5699999999999998        13.600662019887549     
   2.5800000000000001        13.289344972565537     
   2.5899999999999999        12.984967448497864     
   2.6000000000000001        12.687383199650098     
   2.6099999999999999        12.396448677362979     
   2.6200000000000001        12.112023000243074     
   2.6299999999999999        11.833967921542829     
   2.6400000000000001        11.562147796088750     
   2.6499999999999999        11.296429546813586     
   2.6600000000000001        11.036682630945728     
   2.6699999999999999        10.782779005906376     
   2.6800000000000002        10.534593094962467     
   2.6899999999999999        10.292001752680960     
   2.7000000000000002        10.054884230227605     
   2.7100000000000000        9.8231221405511331     
   2.7200000000000002        9.5965994234915240     
   2.7300000000000000        9.3752023108489198     
   2.7400000000000002        9.1588192914476920     
   2.7500000000000000        8.9473410762281809     
   2.7600000000000002        8.7406605633967764     
   2.7700000000000000        8.5386728036631396     
   2.7800000000000002        8.3412749655916461     
   2.7900000000000000        8.1483663010924339     
   2.8000000000000003        7.9598481110758570     
   2.8100000000000001        7.7756237112925692     
   2.8199999999999998        7.5955983983800026     
   2.8300000000000001        7.4196794161345956     
   2.8399999999999999        7.2477759220277562     
   2.8500000000000001        7.0797989539822659     
   2.8599999999999999        6.9156613974245840     
   2.8700000000000001        6.7552779526273392     
   2.8799999999999999        6.5985651023551570     
   2.8900000000000001        6.4454410798259127     
   2.8999999999999999        6.2958258369984632     
   2.9100000000000001        6.1496410131969412     
   2.9199999999999999        6.0068099040807654     
   2.9300000000000002        5.8672574309686398     
   2.9399999999999999        5.7309101105239710     
   2.9500000000000002        5.5976960248083500     
   2.9600000000000000        5.4675447917089635     
   2.9700000000000002        5.3403875357451058     
   2.9800000000000000        5.2161568592582803     
   2.9900000000000002        5.0947868139897130     
   3.0000000000000000        4.9762128730485289     
   3.0100000000000002        4.8603719032732320     
   3.0200000000000000        4.7472021379886087     
   3.0300000000000002        4.6366431501596495     
   3.0400000000000000        4.5286358259436108     
   3.0500000000000003        4.4231223386408693     
   3.0600000000000001        4.3200461230448104     
   3.0700000000000003        4.2193518501905700     
   3.0800000000000001        4.1209854025020931     
   3.0899999999999999        4.0248938493365980     
   3.1000000000000001        3.9310254229252188     
   3.1099999999999999        3.8393294947082759     
   3.1200000000000001        3.7497565520633480     
   3.1299999999999999        3.6622581754240393     
   3.1400000000000001        3.5767870157870862     
   3.1499999999999999        3.4932967726052202     
   3.1600000000000001        3.4117421720629779     
   3.1699999999999999        3.3320789457324609     
   3.1800000000000002        3.2542638096058512     
   3.1899999999999999        3.1782544435013262     
   3.2000000000000002        3.1040094708388604     
   3.2100000000000000        3.0314884387822523     
   3.2200000000000002        2.9606517987435943     
   3.2300000000000000        2.8914608872462741     
   3.2400000000000002        2.8238779071424998     
   3.2500000000000000        2.7578659091812350     
   3.2600000000000002        2.6933887739223530     
   3.2700000000000000        2.6304111939927344     
   3.2800000000000002        2.5688986566799716     
   3.2900000000000000        2.5088174268592800     
   3.3000000000000003        2.4501345302491702     
   3.3100000000000001        2.3928177369913857     
   3.3200000000000003        2.3368355455505809     
   3.3300000000000001        2.2821571669291836     
   3.3399999999999999        2.2287525091928595     
   3.3500000000000001        2.1765921623019877     
   3.3599999999999999        2.1256473832445368     
   3.3700000000000001        2.0758900814657313     
   3.3799999999999999        2.0272928045898957     
   3.3900000000000001        1.9798287244298678     
   3.3999999999999999        1.9334716232793809     
   3.4100000000000001        1.8881958804838288     
   3.4199999999999999        1.8439764592848402     
   3.4300000000000002        1.8007888939341152     
   3.4399999999999999        1.7586092770719934     
   3.4500000000000002        1.7174142473662533     
   3.4600000000000000        1.6771809774066715     
   3.4700000000000002        1.6378871618509023     
   3.4800000000000000        1.5995110058172690     
   3.4900000000000002        1.5620312135201011     
   3.5000000000000000        1.5254269771432853     
   3.5100000000000002        1.4896779659477404     
   3.5200000000000000        1.4547643156085674     
   3.5300000000000002        1.4206666177776739     
   3.5400000000000000        1.3873659098677096     
   3.5500000000000003        1.3548436650532059     
   3.5600000000000001        1.3230817824848504     
   3.5700000000000003        1.2920625777128847     
   3.5800000000000001        1.2617687733156566     
   3.5899999999999999        1.2321834897294137     
   3.6000000000000001        1.2032902362754725     
   3.6099999999999999        1.1750729023809507     
   3.6200000000000001        1.1475157489893040     
   3.6299999999999999        1.1206034001569583     
   3.6400000000000001        1.0943208348323843     
   3.6499999999999999        1.0686533788140136     
   3.6600000000000001        1.0435866968834469     
   3.6699999999999999        1.0191067851104645     
   3.6800000000000002       0.99519996332639538     
   3.6899999999999999       0.97185286776246127     
   3.7000000000000002       0.94905244384976173     
   3.7100000000000000       0.92678593917762253     
   3.7200000000000002       0.90504089660708154     
   3.7300000000000000       0.88380514753633921     
   3.7400000000000002       0.86306680531505642     
   3.7500000000000000       0.84281425880443095     
   3.7600000000000002       0.82303616608004093     
   3.7700000000000000       0.80372144827449143     
   3.7800000000000002       0.78485928355695567     
   3.7900000000000000       0.76643910124675063     
   3.8000000000000003       0.74845057605813980     
   3.8100000000000001       0.73088362247360539     
   3.8200000000000003       0.71372838924288196     
   3.8300000000000001       0.69697525400509330     
   3.8399999999999999       0.68061481803138346     
   3.8500000000000001       0.66463790108548049     
   3.8599999999999999       0.64903553639968004     
   3.8700000000000001       0.63379896576378247     
   3.8799999999999999       0.61891963472456446     
   3.8900000000000001       0.60438918789341201     
   3.8999999999999999       0.59019946435978698     
   3.9100000000000001       0.57634249320824427     
   3.9199999999999999       0.56281048913676168     
   3.9300000000000002       0.54959584817418661     
   3.9399999999999999       0.53669114349464897     
   3.9500000000000002       0.52408912132683028     
   3.9600000000000000       0.51178269695602141     
   3.9700000000000002       0.49976495081694272     
   3.9800000000000000       0.48802912467534110     
   3.9900000000000002       0.47656861789641719     
   4.0000000000000000       0.46537698379817710     
