   0.0000000000000000        0.0000000000000000     
   1.0000000000000000E-002  0.48048000000000002     
   2.0000000000000000E-002  0.97039441747200006     
   2.9999999999999999E-002   1.4698881468207796     
   4.0000000000000001E-002   1.9791065310686760     
   5.0000000000000003E-002   2.4981952744562586     
   5.9999999999999998E-002   3.0273003507674430     
   7.0000000000000007E-002   3.5665679072969949     
   8.0000000000000002E-002   4.1161441643823604     
   8.9999999999999997E-002   4.6761753104262311     
  0.10000000000000001        5.2468073923411884     
  0.11000000000000000        5.8281862013532422     
  0.12000000000000000        6.4204571541070647     
  0.13000000000000000        7.0237651690222620     
  0.14000000000000001        7.6382545378571205     
  0.14999999999999999        8.2640687924439646     
  0.16000000000000000        8.9013505665685440     
  0.17000000000000001        9.5502414529747632     
  0.17999999999999999        10.210881855485605     
  0.19000000000000000        10.883410836241252     
  0.20000000000000001        11.567965958066248     
  0.20999999999999999        12.264683121988988     
  0.22000000000000000        12.973696399948969     
  0.23000000000000001        13.695137862740051     
  0.23999999999999999        14.429137403251413     
  0.25000000000000000        15.175822555082041     
  0.26000000000000001        15.935318306619351     
  0.27000000000000002        16.707746910688012     
  0.28000000000000003        17.493227689891079     
  0.28999999999999998        18.291876837782223     
  0.29999999999999999        19.103807216025196     
  0.31000000000000000        19.929128147714430     
  0.32000000000000001        20.767945207049156     
  0.33000000000000002        21.620360005572298     
  0.34000000000000002        22.486469975204788     
  0.35000000000000003        23.366368148325758     
  0.35999999999999999        24.260142935169213     
  0.37000000000000000        25.167877898828351     
  0.38000000000000000        26.089651528179399     
  0.39000000000000001        27.025537009057796     
  0.40000000000000002        27.975601994040680     
  0.41000000000000003        28.939908371210649     
  0.41999999999999998        29.918512032296967     
  0.42999999999999999        30.911462640611251     
  0.44000000000000000        31.918803399215406     
  0.45000000000000001        32.940570819780042     
  0.46000000000000002        33.976794492611518     
  0.47000000000000003        35.027496858345252     
  0.47999999999999998        36.092692981821713     
  0.48999999999999999        37.172390328679562     
  0.50000000000000000        38.266588545217488     
  0.51000000000000001        39.375279242092553     
  0.52000000000000002        40.498445782437727     
  0.53000000000000003        41.636063074995079     
  0.54000000000000004        42.788097372873466     
  0.55000000000000004        43.954506078550274     
  0.56000000000000005        45.135237555746045     
  0.57000000000000006        46.330230948808072     
  0.57999999999999996        47.539416010244629     
  0.58999999999999997        48.762712937054765     
  0.59999999999999998        50.000032216500095     
  0.60999999999999999        51.251274481963769     
  0.62000000000000000        52.516330379538672     
  0.63000000000000000        53.795080445980858     
  0.64000000000000001        55.087394998655988     
  0.65000000000000002        56.393134038095333     
  0.66000000000000003        57.712147163764222     
  0.67000000000000004        59.044273503629221     
  0.68000000000000005        60.389341658090864     
  0.69000000000000006        61.747169658826621     
  0.70000000000000007        63.117564943063556     
  0.70999999999999996        64.500324343772107     
  0.71999999999999997        65.895234096241509     
  0.72999999999999998        67.302069861463721     
  0.73999999999999999        68.720596766716042     
  0.75000000000000000        70.150569463693373     
  0.76000000000000001        71.591732204499266     
  0.77000000000000002        73.043818935760228     
  0.78000000000000003        74.506553411081086     
  0.79000000000000004        75.979649322009919     
  0.80000000000000004        77.462810447629849     
  0.81000000000000005        78.955730822841758     
  0.82000000000000006        80.458094925347027     
  0.83000000000000007        81.969577881283016     
  0.83999999999999997        83.489845689406025     
  0.84999999999999998        85.018555463657918     
  0.85999999999999999        86.555355693892736     
  0.87000000000000000        88.099886524479615     
  0.88000000000000000        89.651780050438049     
  0.89000000000000001        91.210660630700929     
  0.90000000000000002        92.776145218041151     
  0.91000000000000003        94.347843705138175     
  0.92000000000000004        95.925359286202436     
  0.93000000000000005        97.508288833518819     
  0.94000000000000006        99.096223288214532     
  0.95000000000000007        100.68874806450354     
  0.95999999999999996        102.28544346660807     
  0.96999999999999997        103.88588511750906     
  0.97999999999999998        105.48964439863106     
  0.98999999999999999        107.09628889952424     
   1.0000000000000000        108.70538287656640     
   1.0100000000000000        110.31648771967140     
   1.0200000000000000        111.92916242595814     
   1.0300000000000000        113.54296407930575     
   1.0400000000000000        115.15744833469597     
   1.0500000000000000        116.77216990622385     
   1.0600000000000001        118.38668305764196     
   1.0700000000000001        120.00054209429223     
   1.0800000000000001        121.61330185527291     
   1.0900000000000001        123.22451820468599     
   1.1000000000000001        124.83374852081323     
   1.1100000000000001        126.44055218207608     
   1.1200000000000001        128.04449104864682     
   1.1300000000000001        129.64512993859452     
   1.1400000000000001        131.24203709747016     
   1.1500000000000001        132.83478466026071     
   1.1599999999999999        134.42294910467098     
   1.1699999999999999        136.00611169472549     
   1.1799999999999999        137.58385891371961     
   1.1899999999999999        139.15578288558999     
   1.2000000000000000        140.72148178381829     
   1.2100000000000000        142.28056022702924     
   1.2200000000000000        143.83262966049412     
   1.2300000000000000        145.37730872280298     
   1.2400000000000000        146.91422359702383     
   1.2500000000000000        148.44300834572351     
   1.2600000000000000        149.96330522928318     
   1.2700000000000000        151.47476500700100     
   1.2800000000000000        152.97704722053504     
   1.2900000000000000        154.46982045930082     
   1.3000000000000000        155.95276260749898     
   1.3100000000000001        157.42556107251096     
   1.3200000000000001        158.88791299446129     
   1.3300000000000001        160.33952543680635     
   1.3400000000000001        161.78011555786901     
   1.3500000000000001        163.20941076329822     
   1.3600000000000001        164.62714883948937     
   1.3700000000000001        166.03307806805782     
   1.3800000000000001        167.42695732151205     
   1.3900000000000001        168.80855614032473     
   1.4000000000000001        170.17765479165058     
   1.4099999999999999        171.53404430998700     
   1.4199999999999999        172.87752652011847     
   1.4299999999999999        174.20791404272885     
   1.4399999999999999        175.52503028310446     
   1.4500000000000000        176.82870940338830     
   1.4600000000000000        178.11879627887953     
   1.4700000000000000        179.39514643890303     
   1.4800000000000000        180.65762599280222     
   1.4900000000000000        181.90611154163309     
   1.5000000000000000        183.14049007615901     
   1.5100000000000000        184.36065886176547     
   1.5200000000000000        185.56652531092934     
   1.5300000000000000        186.75800684389068     
   1.5400000000000000        187.93503073818525     
   1.5500000000000000        189.09753396770330     
   1.5600000000000001        190.24546303194549     
   1.5700000000000001        191.37877377614834     
   1.5800000000000001        192.49743120295199     
   1.5900000000000001        193.60140927628055     
   1.6000000000000001        194.69069071809992     
   1.6100000000000001        195.76526679871179     
   1.6200000000000001        196.82513712123333     
   1.6300000000000001        197.87030940090139     
   1.6400000000000001        198.90079923982793     
   1.6500000000000001        199.91662989781904     
   1.6600000000000001        200.91783205985499     
   1.6699999999999999        201.90444360081202     
   1.6799999999999999        202.87650934798833     
   1.6899999999999999        203.83408084197893     
   1.7000000000000000        204.77721609642313     
   1.7100000000000000        205.70597935712931     
   1.7200000000000000        206.62044086105934     
   1.7300000000000000        207.52067659563451     
   1.7400000000000000        208.40676805880233     
   1.7500000000000000        209.27880202028132     
   1.7600000000000000        210.13687028437903     
   1.7700000000000000        210.98106945475539     
   1.7800000000000000        211.81150070148161     
   1.7900000000000000        212.62826953072226     
   1.8000000000000000        213.43148555734589     
   1.8100000000000001        214.22126228074785     
   1.8200000000000001        214.99771686414755     
   1.8300000000000001        215.76096991760068     
   1.8400000000000001        216.51114528494662     
   1.8500000000000001        217.24836983489107     
   1.8600000000000001        217.97277325640374     
   1.8700000000000001        218.68448785859258     
   1.8800000000000001        219.38364837519660     
   1.8900000000000001        220.07039177382251     
   1.9000000000000001        220.74485707003211     
   1.9100000000000001        221.40718514637200     
   1.9199999999999999        222.05751857642028     
   1.9299999999999999        222.69600145391078     
   1.9399999999999999        223.32277922698017     
   1.9500000000000000        223.93799853757039     
   1.9600000000000000        224.54180706600525     
   1.9700000000000000        225.13435338074848     
   1.9800000000000000        225.71578679333837     
   1.9900000000000000        226.28625721848402     
   2.0000000000000000        226.84591503929758     
   2.0100000000000002        227.39491097762783     
   2.0200000000000000        227.93339596945148     
   2.0300000000000002        228.46152104527081     
   2.0400000000000000        228.97943721545820     
   2.0499999999999998        229.48729536048214     
   2.0600000000000001        229.98524612594227     
   2.0699999999999998        230.47343982233593     
   2.0800000000000001        230.95202632947309     
   2.0899999999999999        231.42115500545236     
   2.1000000000000001        231.88097460010664     
   2.1099999999999999        232.33163317282313     
   2.1200000000000001        232.77327801463960     
   2.1299999999999999        233.20605557451600     
   2.1400000000000001        233.63011138967826     
   2.1499999999999999        234.04559001992925     
   2.1600000000000001        234.45263498582045     
   2.1699999999999999        234.85138871057663     
   2.1800000000000002        235.24199246566508     
   2.1899999999999999        235.62458631990054     
   2.2000000000000002        235.99930909197661     
   2.2100000000000000        236.36629830631446     
   2.2200000000000002        236.72569015212017     
   2.2300000000000000        237.07761944554233     
   2.2400000000000002        237.42221959482251     
   2.2500000000000000        237.75962256833191     
   2.2600000000000002        238.08995886538887     
   2.2700000000000000        238.41335748975285     
   2.2800000000000002        238.72994592569256     
   2.2900000000000000        239.03985011652659     
   2.3000000000000003        239.34319444553748     
   2.3100000000000001        239.64010171916127     
   2.3199999999999998        239.93069315235687     
   2.3300000000000001        240.21508835606141     
   2.3399999999999999        240.49340532663962     
   2.3500000000000001        240.76576043723770     
   2.3599999999999999        241.03226843095416     
   2.3700000000000001        241.29304241574192     
   2.3799999999999999        241.54819386095900     
   2.3900000000000001        241.79783259548645     
   2.3999999999999999        242.04206680733517     
   2.4100000000000001        242.28100304466511     
   2.4199999999999999        242.51474621814270     
   2.4300000000000002        242.74339960456481     
   2.4399999999999999        242.96706485167957     
   2.4500000000000002        243.18584198413674     
   2.4600000000000000        243.39982941050266     
   2.4700000000000002        243.60912393127671     
   2.4800000000000000        243.81382074784878     
   2.4900000000000002        244.01401347233914     
   2.5000000000000000        244.20979413826439     
   2.5100000000000002        244.40125321197499     
   2.5200000000000000        244.58847960481251     
   2.5300000000000002        244.77156068593604     
   2.5400000000000000        244.95058229576961     
   2.5500000000000003        245.12562876002437     
   2.5600000000000001        245.29678290425116     
   2.5699999999999998        245.46412606888083     
   2.5800000000000001        245.62773812471153     
   2.5899999999999999        245.78769748880401     
   2.6000000000000001        245.94408114074781     
   2.6099999999999999        246.09696463926247     
   2.6200000000000001        246.24642213909979     
   2.6299999999999999        246.39252640821499     
   2.6400000000000001        246.53534884517555     
   2.6499999999999999        246.67495949677837     
   2.6600000000000001        246.81142707584752     
   2.6699999999999999        246.94481897918556     
   2.6800000000000002        247.07520130565342     
   2.6899999999999999        247.20263887435490     
   2.7000000000000002        247.32719524290283     
   2.7100000000000000        247.44893272574564     
   2.7200000000000002        247.56791241253373     
   2.7300000000000000        247.68419418650663     
   2.7400000000000002        247.79783674288259     
   2.7500000000000000        247.90889760723368     
   2.7600000000000002        248.01743315382996     
   2.7700000000000000        248.12349862393793     
   2.7800000000000002        248.22714814405879     
   2.7900000000000000        248.32843474409310     
   2.8000000000000003        248.42741037541953     
   2.8100000000000001        248.52412592887578     
   2.8199999999999998        248.61863125263085     
   2.8300000000000001        248.71097516993854     
   2.8399999999999999        248.80120549676249     
   2.8500000000000001        248.88936905926428     
   2.8599999999999999        248.97551171114614     
   2.8700000000000001        249.05967835084101     
   2.8799999999999999        249.14191293854284     
   2.8900000000000001        249.22225851307087     
   2.8999999999999999        249.30075720856206     
   2.9100000000000001        249.37745027098632     
   2.9199999999999999        249.45237807447978     
   2.9300000000000002        249.52558013749172     
   2.9399999999999999        249.59709513874125     
   2.9500000000000002        249.66696093298017     
   2.9600000000000000        249.73521456655914     
   2.9700000000000002        249.80189229279412     
   2.9800000000000000        249.86702958713110     
   2.9900000000000002        249.93066116210665     
   3.0000000000000000        249.99282098210301     
   3.0100000000000002        250.05354227789618     
   3.0200000000000000        250.11285756099565     
   3.0300000000000002        250.17079863777539     
   3.0400000000000000        250.22739662339509     
   3.0500000000000003        250.28268195551163     
   3.0600000000000001        250.33668440778030     
   3.0700000000000003        250.38943310314627     
   3.0800000000000001        250.44095652692641     
   3.0899999999999999        250.49128253968166     
   3.1000000000000001        250.54043838988116     
   3.1099999999999999        250.58845072635847     
   3.1200000000000001        250.63534561056116     
   3.1299999999999999        250.68114852859460     
   3.1400000000000001        250.72588440306151     
   3.1499999999999999        250.76957760469827     
   3.1600000000000001        250.81225196380979     
   3.1699999999999999        250.85393078150437     
   3.1800000000000002        250.89463684073024     
   3.1899999999999999        250.93439241711548     
   3.2000000000000002        250.97321928961330     
   3.2100000000000000        251.01113875095461     
   3.2200000000000002        251.04817161790967     
   3.2300000000000000        251.08433824136119     
   3.2400000000000002        251.11965851619061     
   3.2500000000000000        251.15415189098019     
   3.2600000000000002        251.18783737753262     
   3.2700000000000000        251.22073356021076     
   3.2800000000000002        251.25285860509976     
   3.2900000000000000        251.28423026899353     
   3.3000000000000003        251.31486590820842     
   3.3100000000000001        251.34478248722613     
   3.3200000000000003        251.37399658716825     
   3.3300000000000001        251.40252441410502     
   3.3399999999999999        251.43038180720049     
   3.3500000000000001        251.45758424669665     
   3.3599999999999999        251.48414686173894     
   3.3700000000000001        251.51008443804548     
   3.3799999999999999        251.53541142542258     
   3.3900000000000001        251.56014194512881     
   3.3999999999999999        251.58428979709021     
   3.4100000000000001        251.60786846696882     
   3.4199999999999999        251.63089113308735     
   3.4300000000000002        251.65337067321175     
   3.4399999999999999        251.67531967119484     
   3.4500000000000002        251.69675042348260     
   3.4600000000000000        251.71767494548607     
   3.4700000000000002        251.73810497782094     
   3.4800000000000000        251.75805199241705     
   3.4900000000000002        251.77752719850037     
   3.5000000000000000        251.79654154844943     
   3.5100000000000002        251.81510574352885     
   3.5200000000000000        251.83323023950172     
   3.5300000000000002        251.85092525212346     
   3.5400000000000000        251.86820076251922     
   3.5500000000000003        251.88506652244678     
   3.5600000000000001        251.90153205944745     
   3.5700000000000003        251.91760668188675     
   3.5800000000000001        251.93329948388720     
   3.5899999999999999        251.94861935015516     
   3.6000000000000001        251.96357496070374     
   3.6099999999999999        251.97817479547390     
   3.6200000000000001        251.99242713885556     
   3.6299999999999999        252.00634008411080     
   3.6400000000000001        252.01992153770107     
   3.6499999999999999        252.03317922352011     
   3.6600000000000001        252.04612068703489     
   3.6699999999999999        252.05875329933579     
   3.6800000000000002        252.07108426109838     
   3.6899999999999999        252.08312060645827     
   3.7000000000000002        252.09486920680098     
   3.7100000000000000        252.10633677446828     
   3.7200000000000002        252.11752986638302     
   3.7300000000000000        252.12845488759396     
   3.7400000000000002        252.13911809474217     
   3.7500000000000000        252.14952559945078     
   3.7600000000000002        252.15968337163952     
   3.7700000000000000        252.16959724276566     
   3.7800000000000002        252.17927290899308     
   3.7900000000000000        252.18871593429046     
   3.8000000000000003        252.19793175346072     
   3.8100000000000001        252.20692567510267     
   3.8200000000000003        252.21570288450647     
   3.8300000000000001        252.22426844648430     
   3.8399999999999999        252.23262730813767     
   3.8500000000000001        252.24078430156260     
   3.8599999999999999        252.24874414649403     
   3.8700000000000001        252.25651145289086     
   3.8799999999999999        252.26409072346272     
   3.8900000000000001        252.27148635613980     
   3.8999999999999999        252.27870264648706     
   3.9100000000000001        252.28574379006392     
   3.9199999999999999        252.29261388473051     
   3.9300000000000002        252.29931693290189     
   3.9399999999999999        252.30585684375117     
   3.9500000000000002        252.31223743536268     
   3.9600000000000000        252.31846243683631     
   3.9700000000000002        252.32453549034415     
   3.9800000000000000        252.33046015314028     
   3.9900000000000002        252.33623989952494     
   4.0000000000000000        252.34187812276397     
