   0.0000000000000000        20.000000000000000     
   1.0000000000000000E-002   20.431999999999999     
   2.0000000000000000E-002   20.872492709868798     
   2.9999999999999999E-002   21.321608568630506     
   4.0000000000000001E-002   21.779478419588134     
   5.0000000000000003E-002   22.246233431665821     
   5.9999999999999998E-002   22.722005016902745     
   7.0000000000000007E-002   23.206924744024839     
   8.0000000000000002E-002   23.701124248024080     
   8.9999999999999997E-002   24.204735135679048     
  0.10000000000000001        24.717888886955002     
  0.11000000000000000        25.240716752226547     
  0.12000000000000000        25.773349645271427     
  0.13000000000000000        26.315918031989817     
  0.14000000000000001        26.868551814809891     
  0.14999999999999999        27.431380212747388     
  0.16000000000000000        28.004531637094320     
  0.17000000000000001        28.588133562719978     
  0.17999999999999999        29.182312394976009     
  0.19000000000000000        29.787193332206442     
  0.20000000000000001        30.402900223873278     
  0.20999999999999999        31.029555424318627     
  0.22000000000000000        31.667279642195233     
  0.23000000000000001        32.316191785608808     
  0.23999999999999999        32.976408803027660     
  0.25000000000000000        33.648045520027878     
  0.26000000000000001        34.331214471955576     
  0.27000000000000002        35.026025732601653     
  0.28000000000000003        35.732586738998918     
  0.28999999999999998        36.451002112466547     
  0.29999999999999999        37.181373476042275     
  0.31000000000000000        37.923799268458922     
  0.32000000000000001        38.678374554838328     
  0.33000000000000002        39.445190834292831     
  0.34000000000000002        40.224335844641836     
  0.35000000000000003        41.015893364468901     
  0.35999999999999999        41.819943012762856     
  0.37000000000000000        42.636560046405009     
  0.38000000000000000        43.465815155783112     
  0.39000000000000001        44.307774258831593     
  0.40000000000000002        45.162498293816647     
  0.41000000000000003        46.030043011203666     
  0.41999999999999998        46.910458764963501     
  0.42999999999999999        47.803790303692935     
  0.44000000000000000        48.710076561943339     
  0.45000000000000001        49.629350452169930     
  0.46000000000000002        50.561638657731955     
  0.47000000000000003        51.506961427391687     
  0.47999999999999998        52.465332371776995     
  0.48999999999999999        53.436758262288542     
  0.50000000000000000        54.421238832948035     
  0.51000000000000001        55.418766585698471     
  0.52000000000000002        56.429326599680934     
  0.53000000000000003        57.452896345024683     
  0.54000000000000004        58.489445501698548     
  0.55000000000000004        59.538935783981266     
  0.56000000000000005        60.601320771116683     
  0.57000000000000006        61.676545744726361     
  0.57999999999999996        62.764547533557085     
  0.58999999999999997        63.865254366143816     
  0.59999999999999998        64.978585731969773     
  0.60999999999999999        66.104452251704444     
  0.62000000000000000        67.242755557097439     
  0.63000000000000000        68.393388181100477     
  0.64000000000000001        69.556233458782700     
  0.65000000000000002        70.731165439594221     
  0.66000000000000003        71.918048811520421     
  0.67000000000000004        73.116738837654907     
  0.68000000000000005        74.327081305701142     
  0.69000000000000006        75.548912490893144     
  0.70000000000000007        76.782059132802672     
  0.70999999999999996        78.026338426475419     
  0.71999999999999997        79.281558028310627     
  0.72999999999999998        80.547516077068309     
  0.73999999999999999        81.824001230355478     
  0.75000000000000000        83.110792716907127     
  0.76000000000000001        84.407660404940373     
  0.77000000000000002        85.714364886819780     
  0.78000000000000003        87.030657580229970     
  0.79000000000000004        88.356280846007294     
  0.80000000000000004        89.690968122736095     
  0.81000000000000005        91.034444078167368     
  0.82000000000000006        92.386424777468079     
  0.83000000000000007        93.746617868258554     
  0.83999999999999997        95.114722782343421     
  0.84999999999999998        96.490430953988565     
  0.85999999999999999        97.873426054543060     
  0.87000000000000000        99.263384243150654     
  0.88000000000000000        100.65997443324133     
  0.89000000000000001        102.06285857443905     
  0.90000000000000002        103.47169194946773     
  0.91000000000000003        104.88612348558441     
  0.92000000000000004        106.30579608001575     
  0.93000000000000005        107.73034693882298     
  0.94000000000000006        109.15940792857009     
  0.95000000000000007        110.59260594012254     
  0.95999999999999996        112.02956326385655     
  0.96999999999999997        113.46989797551609     
  0.97999999999999998        114.91322433191239     
  0.98999999999999999        116.35915317562247     
   1.0000000000000000        117.80729234780719     
   1.0100000000000000        119.25724710823685     
   1.0200000000000000        120.70862056158293     
   1.0300000000000000        122.16101408900909     
   1.0400000000000000        123.61402778407239     
   1.0500000000000000        125.06726089192783     
   1.0600000000000001        126.52031225081467     
   1.0700000000000001        127.97278073479349     
   1.0800000000000001        129.42426569669661     
   1.0900000000000001        130.87436741025272     
   1.1000000000000001        132.32268751034886     
   1.1100000000000001        133.76882943040005     
   1.1200000000000001        135.21239883580631     
   1.1300000000000001        136.65300405249312     
   1.1400000000000001        138.09025648954866     
   1.1500000000000001        139.52377105499485     
   1.1599999999999999        140.95316656375510     
   1.1699999999999999        142.37806613691157     
   1.1799999999999999        143.79809759137856     
   1.1899999999999999        145.21289381915471     
   1.2000000000000000        146.62209315535671     
   1.2100000000000000        148.02533973427938     
   1.2200000000000000        149.42228383277217     
   1.2300000000000000        150.81258220026862     
   1.2400000000000000        152.19589837485580     
   1.2500000000000000        153.57190298482013     
   1.2600000000000000        154.94027403515989     
   1.2700000000000000        156.30069717860718     
   1.2800000000000000        157.65286597075732     
   1.2900000000000000        158.99648210895811     
   1.3000000000000000        160.33125565466761     
   1.3100000000000001        161.65690523904377     
   1.3200000000000001        162.97315825158478     
   1.3300000000000001        164.27975101169415     
   1.3400000000000001        165.57642892309769     
   1.3500000000000001        166.86294661109358     
   1.3600000000000001        168.13906804266770     
   1.3700000000000001        169.40456662955731     
   1.3800000000000001        170.65922531439466     
   1.3900000000000001        171.90283664010934     
   1.4000000000000001        173.13520280281278     
   1.4099999999999999        174.35613568843149     
   1.4199999999999999        175.56545689339600     
   1.4299999999999999        176.76299772973081     
   1.4399999999999999        177.94859921492613     
   1.4500000000000000        179.12211204700569     
   1.4600000000000000        180.28339656523497     
   1.4700000000000000        181.43232269694261     
   1.4800000000000000        182.56876989095235     
   1.4900000000000000        183.69262703814582     
   1.5000000000000000        184.80379237969581     
   1.5100000000000000        185.90217340352697     
   1.5200000000000000        186.98768672957533     
   1.5300000000000000        188.06025798442948     
   1.5400000000000000        189.11982166594595     
   1.5500000000000000        190.16632099843778     
   1.5600000000000001        191.19970777903978     
   1.5700000000000001        192.21994221585584     
   1.5800000000000001        193.22699275849368     
   1.5900000000000001        194.22083592159024     
   1.6000000000000001        195.20145610192597     
   1.6100000000000001        196.16884538972116     
   1.6200000000000001        197.12300337469841     
   1.6300000000000001        198.06393694748664     
   1.6400000000000001        198.99166009693008     
   1.6500000000000001        199.90619370385403     
   1.6600000000000001        200.80756533182443     
   1.6699999999999999        201.69580901542432     
   1.6799999999999999        202.57096504655320     
   1.6899999999999999        203.43307975923943     
   1.7000000000000000        204.28220531343737     
   1.7100000000000000        205.11839947826277     
   1.7200000000000000        205.94172541510153     
   1.7300000000000000        206.75225146100647     
   1.7400000000000000        207.55005091277826     
   1.7500000000000000        208.33520181210574     
   1.7600000000000000        209.10778673212096     
   1.7700000000000000        209.86789256570452     
   1.7800000000000000        210.61561031585592     
   1.7900000000000000        211.35103488842375     
   1.8000000000000000        212.07426488747109     
   1.8100000000000001        212.78540241353082     
   1.8200000000000001        213.48455286498711     
   1.8300000000000001        214.17182474279971     
   1.8400000000000001        214.84732945876911     
   1.8500000000000001        215.51118114752242     
   1.8600000000000001        216.16349648238241     
   1.8700000000000001        216.80439449526432     
   1.8800000000000001        217.43399640072900     
   1.8900000000000001        218.05242542430452     
   1.9000000000000001        218.65980663517300     
   1.9100000000000001        219.25626678330465     
   1.9199999999999999        219.84193414110663     
   1.9299999999999999        220.41693834964082     
   1.9399999999999999        220.98141026945186     
   1.9500000000000000        221.53548183603411     
   1.9600000000000000        222.07928591995505     
   1.9700000000000000        222.61295619164108     
   1.9800000000000000        223.13662699082201     
   1.9900000000000000        223.65043320062043     
   2.0000000000000000        224.15451012626272     
   2.0100000000000002        224.64899337838116     
   2.0200000000000000        225.13401876086724     
   2.0300000000000002        225.60972216323023     
   2.0400000000000000        226.07623945740775     
   2.0499999999999998        226.53370639896900     
   2.0600000000000001        226.98225853264591     
   2.0699999999999998        227.42203110212205     
   2.0800000000000001        227.85315896400499     
   2.0899999999999999        228.27577650590314     
   2.1000000000000001        228.69001756852487     
   2.1099999999999999        229.09601537171440     
   2.1200000000000001        229.49390244433596     
   2.1299999999999999        229.88381055791535     
   2.1400000000000001        230.26587066394652     
   2.1499999999999999        230.64021283476791     
   2.1600000000000001        231.00696620791359     
   2.1699999999999999        231.36625893384169     
   2.1800000000000002        231.71821812694270     
   2.1899999999999999        232.06296981972983     
   2.2000000000000002        232.40063892011284     
   2.2100000000000000        232.73134917165740     
   2.2200000000000002        233.05522311673204     
   2.2300000000000000        233.37238206244521     
   2.2400000000000002        233.68294604927567     
   2.2500000000000000        233.98703382230045     
   2.2600000000000002        234.28476280492532     
   2.2700000000000000        234.57624907502426     
   2.2800000000000002        234.86160734339515     
   2.2900000000000000        235.14095093444098     
   2.3000000000000003        235.41439176898695     
   2.3100000000000001        235.68204034914538     
   2.3199999999999998        235.94400574514256     
   2.3300000000000001        236.20039558402263     
   2.3399999999999999        236.45131604014642     
   2.3500000000000001        236.69687182740407     
   2.3599999999999999        236.93716619306275     
   2.3700000000000001        237.17230091317293     
   2.3799999999999999        237.40237628945789     
   2.3900000000000001        237.62749114761408     
   2.3999999999999999        237.84774283695123     
   2.4100000000000001        238.06322723130378     
   2.4199999999999999        238.27403873114665     
   2.4300000000000002        238.48027026685079     
   2.4399999999999999        238.68201330301619     
   2.4500000000000002        238.87935784382120     
   2.4600000000000000        239.07239243933014     
   2.4700000000000002        239.26120419270234     
   2.4800000000000000        239.44587876824798     
   2.4900000000000002        239.62650040027830     
   2.5000000000000000        239.80315190269908     
   2.5100000000000002        239.97591467929891     
   2.5200000000000000        240.14486873468491     
   2.5300000000000002        240.31009268582085     
   2.5400000000000000        240.47166377412438     
   2.5500000000000003        240.62965787808147     
   2.5600000000000001        240.78414952633821     
   2.5699999999999998        240.93521191123162     
   2.5800000000000001        241.08291690272296     
   2.5899999999999999        241.22733506269816     
   2.6000000000000001        241.36853565960212     
   2.6099999999999999        241.50658668337459     
   2.6200000000000001        241.64155486065718     
   2.6299999999999999        241.77350567024223     
   2.6400000000000001        241.90250335873577     
   2.6499999999999999        242.02861095640810     
   2.6600000000000001        242.15189029320680     
   2.6699999999999999        242.27240201490812     
   2.6800000000000002        242.39020559938416     
   2.6899999999999999        242.50535937296419     
   2.7000000000000002        242.61792052686963     
   2.7100000000000000        242.72794513370329     
   2.7200000000000002        242.83548816397482     
   2.7300000000000000        242.94060350264454     
   2.7400000000000002        243.04334396566978     
   2.7500000000000000        243.14376131653819     
   2.7600000000000002        243.24190628277333     
   2.7700000000000000        243.33782857239899     
   2.7800000000000002        243.43157689034962     
   2.7900000000000000        243.52319895481452     
   2.8000000000000003        243.61274151350466     
   2.8100000000000001        243.70025035983170     
   2.8199999999999998        243.78577034898919     
   2.8300000000000001        243.86934541392691     
   2.8399999999999999        243.95101858120981     
   2.8500000000000001        244.03083198675353     
   2.8599999999999999        244.10882689142935     
   2.8700000000000001        244.18504369653172     
   2.8799999999999999        244.25952195910207     
   2.8900000000000001        244.33230040710330     
   2.8999999999999999        244.40341695443956     
   2.9100000000000001        244.47290871581683     
   2.9199999999999999        244.54081202143954     
   2.9300000000000002        244.60716243153971     
   2.9399999999999999        244.67199475073485     
   2.9500000000000002        244.73534304221155     
   2.9600000000000000        244.79724064173197     
   2.9700000000000002        244.85772017146084     
   2.9800000000000000        244.91681355361069     
   2.9900000000000002        244.97455202390373     
   3.0000000000000000        245.03096614484855     
   3.0100000000000002        245.08608581883067     
   3.0200000000000000        245.13994030101583     
   3.0300000000000002        245.19255821206505     
   3.0400000000000000        245.24396755066138     
   3.0500000000000003        245.29419570584759     
   3.0600000000000001        245.34326946917500     
   3.0700000000000003        245.39121504666326     
   3.0800000000000001        245.43805807057160     
   3.0899999999999999        245.48382361098186     
   3.1000000000000001        245.52853618719377     
   3.1099999999999999        245.57221977893340     
   3.1200000000000001        245.61489783737565     
   3.1299999999999999        245.65659329598151     
   3.1400000000000001        245.69732858115157     
   3.1499999999999999        245.73712562269668     
   3.1600000000000001        245.77600586412740     
   3.1699999999999999        245.81399027276331     
   3.1800000000000002        245.85109934966403     
   3.1899999999999999        245.88735313938332     
   3.2000000000000002        245.92277123954796     
   3.2100000000000000        245.95737281026325     
   3.2200000000000002        245.99117658334686     
   3.2300000000000000        246.02420087139268     
   3.2400000000000002        246.05646357666703     
   3.2500000000000000        246.08798219983871     
   3.2600000000000002        246.11877384854517     
   3.2700000000000000        246.14885524579663     
   3.2800000000000002        246.17824273822040     
   3.2900000000000000        246.20695230414734     
   3.3000000000000003        246.23499956154257     
   3.3100000000000001        246.26239977578265     
   3.3200000000000003        246.28916786728132     
   3.3300000000000001        246.31531841896594     
   3.3399999999999999        246.34086568360681     
   3.3500000000000001        246.36582359100152     
   3.3599999999999999        246.39020575501669     
   3.3700000000000001        246.41402548048896     
   3.3799999999999999        246.43729576998771     
   3.3900000000000001        246.46002933044150     
   3.3999999999999999        246.48223857963060     
   3.4100000000000001        246.50393565254751     
   3.4199999999999999        246.52513240762798     
   3.4300000000000002        246.54584043285428     
   3.4399999999999999        246.56607105173333     
   3.4500000000000002        246.58583532915134     
   3.4600000000000000        246.60514407710744     
   3.4700000000000002        246.62400786032833     
   3.4800000000000000        246.64243700176584     
   3.4900000000000002        246.66044158797970     
   3.5000000000000000        246.67803147440745     
   3.5100000000000002        246.69521629052358     
   3.5200000000000000        246.71200544488988     
   3.5300000000000002        246.72840813009904     
   3.5400000000000000        246.74443332761325     
   3.5500000000000003        246.76008981250018     
   3.5600000000000001        246.77538615806787     
   3.5700000000000003        246.79033074040055     
   3.5800000000000001        246.80493174279732     
   3.5899999999999999        246.81919716011561     
   3.6000000000000001        246.83313480302095     
   3.6099999999999999        246.84675230214532     
   3.6200000000000001        246.86005711215532     
   3.6299999999999999        246.87305651573243     
   3.6400000000000001        246.88575762746675     
   3.6499999999999999        246.89816739766607     
   3.6600000000000001        246.91029261608185     
   3.6699999999999999        246.92213991555394     
   3.6800000000000002        246.93371577557542     
   3.6899999999999999        246.94502652577947     
   3.7000000000000002        246.95607834934947     
   3.7100000000000000        246.96687728635433     
   3.7200000000000002        246.97742923701014     
   3.7300000000000000        246.98773996486995     
   3.7400000000000002        246.99781509994301     
   3.7500000000000000        247.00766014174502     
   3.7600000000000002        247.01728046228070     
   3.7700000000000000        247.02668130896009     
   3.7800000000000002        247.03586780745022     
   3.7900000000000000        247.04484496446304     
   3.8000000000000003        247.05361767048137     
   3.8100000000000001        247.06219070242395     
   3.8200000000000003        247.07056872625088     
   3.8300000000000001        247.07875629951084     
   3.8399999999999999        247.08675787383120     
   3.8500000000000001        247.09457779735217     
   3.8599999999999999        247.10222031710654     
   3.8700000000000001        247.10968958134561     
   3.8799999999999999        247.11698964181298     
   3.8900000000000001        247.12412445596706     
   3.8999999999999999        247.13109788915341     
   3.9100000000000001        247.13791371672809     
   3.9199999999999999        247.14457562613299     
   3.9300000000000002        247.15108721892418     
   3.9399999999999999        247.15745201275445     
   3.9500000000000002        247.16367344331076     
   3.9600000000000000        247.16975486620794     
   3.9700000000000002        247.17569955883920     
   3.9800000000000000        247.18151072218467     
   3.9900000000000002        247.18719148257892     
   4.0000000000000000        247.19274489343812     
