  -15.0000000             12219.4359625762817981927883041796674            -0.650287867    
  -14.8000002             8795.42816219126604825288691705027857            -0.788252056    
  -14.6000004             6301.58062551447480715393622020592101            -0.894791186    
  -14.3999996             4493.36281199754663395946861251321613            -0.965657771    
  -14.1999998             3188.33105378565311029571404448062147            -0.998026669    
  -14.0000000             2250.93884710526469101001109118876774            -0.990607381    
  -13.8000002             1580.91848051274789359382125109633772            -0.943695664    
  -13.6000004             1104.42942325333302652962505326492494            -0.859161794    
  -13.3999996             767.342009188298329168126327392140528            -0.740375876    
  -13.1999998             530.162626801566313286327556648789174            -0.592073500    
  -13.0000000             364.215734823308270134597424155823141            -0.420166999    
  -12.8000002             248.784181752497233474668072645642547            -0.231509790    
  -12.6000004             168.977091193333984623789010864785433             -3.36230099E-02
  -12.3999996             114.147698673987106175528381254164457             0.165604219    
  -12.1999998             76.7249962549080580095435763268442241             0.358229309    
  -12.0000000             51.3552837041972765283489091212802334             0.536572933    
  -11.8000002             34.2746880232297865964190961169300831             0.693525136    
  -11.6000004             22.8529568485429505536780734099333464             0.822828650    
  -11.3999996             15.2636001182997333780391552263277016             0.919328570    
  -11.1999998             10.2467369499324374777887269106113947             0.979177713    
  -11.0000000             6.93958308335631908939057012435881929             0.999990225    
  -10.8000002             4.75600472508776904057711892622463044             0.980936229    
  -10.6000004             3.30145055943111156284644710445366618             0.922775388    
  -10.3999996             2.31323253052305702287075954019497059             0.827826440    
  -10.1999998             1.61885111200435955912232565006648423             0.699874640    
  -10.0000000             1.10707907833723572142426540255749774             0.544021070    
  -9.80000019            0.708003898065347532085394313732226666             0.366479069    
  -9.60000038            0.379316474488868776270217675791143819             0.174326703    
  -9.39999962             9.69248638283823939893107832135574394E-0002       -2.47755088E-02
  -9.19999981           -0.151457108162841244388864851239733910            -0.222890005    
  -9.00000000           -0.370686695266140768431775418470106522            -0.412118554    
  -8.80000019           -0.561183333203307187988424582380384444            -0.584917247    
  -8.60000038           -0.720977032127265130793779694893386174            -0.734397173    
  -8.39999962           -0.847113282267444371649330521115077552            -0.854598939    
  -8.19999981           -0.936614270234991942888922364193540095            -0.940730572    
  -8.00000000           -0.987128355386348206627702905078518370            -0.989358246    
  -7.79999971           -0.997354192056674956589927965878323855            -0.998543322    
  -7.59999990           -0.967295904578749093346638383059100348            -0.967919648    
  -7.40000010           -0.898386525867734717164789483926056789            -0.898708045    
  -7.19999981           -0.793505074252101941894589126423214568            -0.793667793    
  -7.00000000           -0.656905739835550700840875937076622494            -0.656986535    
  -6.79999971           -0.494073967535165793828822046136907284            -0.494113237    
  -6.59999990           -0.311522554926284375627558479800194292            -0.311541259    
  -6.40000010           -0.116540387128452922397618251414657125            -0.116549075    
  -6.19999981             8.30934765365170329336176632414988206E-0002        8.30895305E-02
  -6.00000000            0.279417369870431831958713228846341247             0.279415637    
  -5.79999971            0.464603050014437769768390614501383856             0.464602292    
  -5.59999990            0.631267059089309649151518084819560824             0.631266773    
  -5.39999962            0.772764704656552222940798729993311344             0.772764564    
  -5.19999981            0.883454773448974775839056936007966172             0.883454740    
  -5.00000000            0.958924335481757682017275384009487723             0.958924294    
  -4.79999971            0.996164628838433434521088338723520686             0.996164620    
  -4.59999990            0.993690988572213305228883714761387032             0.993690968    
  -4.39999962            0.951602026110834819432119219422392866             0.951602042    
  -4.19999981            0.871575693754414624789862474050799128             0.871575713    
  -3.99999976            0.756802388238343343190153860064911558             0.756802380    
  -3.79999971            0.611857758955459683655721274659646500             0.611857772    
  -3.59999990            0.442520290964706718155617871786837343             0.442520291    
  -3.39999986            0.255540934913633325775363985313948198             0.255540937    
  -3.19999981             5.83739678939830766422455599557811817E-0002        5.83739690E-02
  -2.99999976           -0.141120185084264304927866361563545476            -0.141120180    
  -2.79999971           -0.334988321446414898118211870000578686            -0.334988326    
  -2.59999990           -0.515501530152558168761537562943975732            -0.515501559    
  -2.39999986           -0.675463319000223810725363193520936893            -0.675463319    
  -2.19999981           -0.808496516067255595123326852350086061            -0.808496535    
  -1.99999976           -0.909297507439588824390513917639526378            -0.909297526    
  -1.79999983           -0.973847675567766830896891247838680349            -0.973847687    
  -1.59999979           -0.999573608871916204840622962822249130            -0.999573588    
  -1.39999986           -0.985449695543613946166049263229553734            -0.985449672    
  -1.19999981           -0.932039011453398575180234448767535602            -0.932039022    
 -0.999999762           -0.841470872092033651850041818379045682            -0.841470897    
 -0.799999774           -0.717355943478813174904185078234357188            -0.717355967    
 -0.599999785           -0.564642296297212228425937414011447846            -0.564642310    
 -0.399999797           -0.389418141925417497245578982813698912            -0.389418155    
 -0.199999779           -0.198669114653931538854035362910140666            -0.198669121    
   2.23517418E-07         2.23517417907712982593621755692380711E-0007        2.23517418E-07
  0.200000226            0.198669552777832987619158963282265268             0.198669553    
  0.400000215            0.389418553671766689699440590844270347             0.389418542    
  0.600000262            0.564642665250981075432921848920705704             0.564642668    
  0.800000250            0.717356254930978776578760464727249220             0.717356265    
   1.00000024            0.841471113625980640987143257073035029             0.841471136    
   1.20000029            0.932039173439930403753392109213376572             0.932039201    
   1.40000021            0.985449771524838576412853043339917779             0.985449791    
   1.60000026            0.999573595818701893398714473331742510             0.999573588    
   1.80000019            0.973847574000504056020819453254664010             0.973847568    
   2.00000024            0.909297321407443959154608043165919127             0.909297347    
   2.20000029            0.808496252986743417215675223111375905             0.808496237    
   2.40000033            0.675462989359534453644256839302881759             0.675462961    
   2.60000038            0.515501147093426066167693068444477867             0.515501142    
   2.80000019            0.334987900240199287526078174766355382             0.334987909    
   3.00000024            0.141119742523128308299539300206408364             0.141119748    
   3.20000029            -5.83744141665230260697785159283586427E-0002       -5.83744124E-02
   3.40000033           -0.255541367106098828580781246298292686            -0.255541354    
   3.60000038           -0.442520691846947534049759900789373308            -0.442520678    
   3.80000019           -0.611858112545565484534413685371508758            -0.611858130    
   4.00000048           -0.756802680439792110400840486894675407            -0.756802678    
   4.20000029           -0.871575912918056651666541171387690895            -0.871575892    
   4.40000010           -0.951602163499307939123202550526862075            -0.951602161    
   4.60000038           -0.993691038708274942559473788318672284            -0.993691027    
   4.80000019           -0.996164589723323454602960353971920565            -0.996164560    
   5.00000048           -0.958924208674888584503042069832039584            -0.958924174    
   5.20000029           -0.883454564005776603711388722546271763            -0.883454502    
   5.40000010           -0.772764420926959398528845024427263598            -0.772764266    
   5.60000038           -0.631266712384942597742256963941164627            -0.631266415    
   5.80000019           -0.464602654157786230464323344304634371            -0.464601904    
   6.00000048           -0.279416940644087795532723202764525974            -0.279415190    
   6.20000029            -8.30930310545585249933445105028628762E-0002       -8.30890909E-02
   6.40000010            0.116540831101597426742898803097674861             0.116549522    
   6.60000038            0.311522979681844160027066434097453239             0.311541677    
   6.80000019            0.494074356121879301605415710640182688             0.494113624    
   7.00000048            0.656906076727823136945958478846781194             0.656986833    
   7.20000029            0.793505345955135436847903254832170731             0.793668091    
   7.40000057            0.898386721430910204895299454428891533             0.898708224    
   7.60000038            0.967296015989076630428025809158523057             0.967919767    
   7.80000019            0.997354214483857490961370682118686072             0.998543382    
   8.00000000            0.987128287248843572047890527997425334             0.989358187    
   8.20000076            0.936614113050847175983325242663074187             0.940730453    
   8.40000057            0.847113040242374558188559783708760827             0.854598701    
   8.60000038            0.720976711412259484037253585277254991             0.734396875    
   8.80000019            0.561182940720429147950704745383437131             0.584916890    
   9.00000000            0.370686236947730431423770090967350304             0.412118167    
   9.20000076            0.151456586367000985241811092045122569             0.222889557    
   9.40000057            -9.69254540869662557311903971552401336E-0002        2.47750618E-02
   9.60000038           -0.379317151036620002164805213724343401            -0.174327135    
   9.80000019           -0.708004699606151229026581881068312078            -0.366479486    
   10.0000000            -1.10708007622067454603357471372580610            -0.544021428    
   10.2000008            -1.61885242746457710959906257584851160            -0.699874938    
   10.4000006            -2.31323435989686274830359230613168161            -0.827826679    
   10.6000004            -3.30145321094169180164849532092031360            -0.922775567    
   10.8000002            -4.75600867227794498934078621543090009            -0.980936289    
   11.0000000            -6.93958904232184426230655416529313625            -0.999990225    
   11.2000008            -10.2467459903389093576557798313224276            -0.979177654    
   11.4000006            -15.2636138220264954706342220772179286            -0.919328392    
   11.6000004            -22.8529775350246870469688636665578900            -0.822828352    
   11.8000002            -34.2747190676053994648774344235671443            -0.693524778    
   12.0000000            -51.3553299838016667298528607019023028            -0.536572576    
   12.2000008            -76.7250647721980252855573290439188594            -0.358228892    
   12.4000006            -114.147799420630783044298598868768629            -0.165603772    
   12.6000004            -168.977238342131836985751375037766800              3.36234570E-02
   12.8000002            -248.784395292590898232126844822095684             0.231510222    
   13.0000000            -364.216042791733683424742399523467991             0.420167416    
   13.2000008            -530.163068313095001537124498714011536             0.592073858    
   13.4000006            -767.342638528795204267558760947774983             0.740376174    
   13.6000004            -1104.43031538343236506576490709254482             0.859162033    
   13.8000002            -1580.91973843336353971527921699482487             0.943695784    
   14.0000000            -2250.94061167033331812513070399313844             0.990607440    
   14.2000008            -3188.33351671802152324245002561825181             0.998026609    
   14.4000006            -4493.36623308025932654686183994122891             0.965657651    
   14.6000004            -6301.58535520321229100187875638934929             0.894790947    
   14.8000002            -8795.43467123819600622878650975797832             0.788251817    
