   0.0000000000000000        0.0000000000000000     
   1.0000000000000000E-002  0.49010320935154428     
   2.0000000000000000E-002  0.98997951037802978     
   2.9999999999999999E-002   1.4997792033842448     
   4.0000000000000001E-002   2.0196529104859335     
   5.0000000000000003E-002   2.5497514747806909     
   5.9999999999999998E-002   3.0902258547779176     
   7.0000000000000007E-002   3.6412270140107812     
   8.0000000000000002E-002   4.2029058057588546     
   8.9999999999999997E-002   4.7754128528164159     
  0.10000000000000001        5.3588984222483100     
  0.11000000000000000        5.9535122950827741     
  0.12000000000000000        6.5594036308988244     
  0.13000000000000000        7.1767208272745782     
  0.14000000000000001        7.8056113740724182     
  0.14999999999999999        8.4462217025470316     
  0.16000000000000000        9.0986970292732590     
  0.17000000000000001        9.7631811949022378     
  0.17999999999999999        10.439816497766657     
  0.19000000000000000        11.128743522368891     
  0.20000000000000001        11.830100962799584     
  0.20999999999999999        12.544025441148662     
  0.22000000000000000        13.270651320985969     
  0.23000000000000001        14.010110516004591     
  0.23999999999999999        14.762532293936530     
  0.25000000000000000        15.528043075867670     
  0.26000000000000001        16.306766231096908     
  0.27000000000000002        17.098821867702938     
  0.28000000000000003        17.904326619001310     
  0.28999999999999998        18.723393426094198     
  0.29999999999999999        19.556131316735620     
  0.31000000000000000        20.402645180755634     
  0.32000000000000001        21.263035542308216     
  0.33000000000000002        22.137398329229271     
  0.34000000000000002        23.025824639812996     
  0.35000000000000003        23.928400507337173     
  0.35999999999999999        24.845206662690149     
  0.37000000000000000        25.776318295474866     
  0.38000000000000000        26.721804813987653     
  0.39000000000000001        27.681729604491906     
  0.40000000000000002        28.656149790228962     
  0.41000000000000003        29.645115990630330     
  0.41999999999999998        30.648672081216947     
  0.42999999999999999        31.666854954692070     
  0.44000000000000000        32.699694283754745     
  0.45000000000000001        33.747212286180371     
  0.46000000000000002        34.809423492733487     
  0.47000000000000003        35.886334518495531     
  0.47999999999999998        36.977943838206940     
  0.48999999999999999        38.084241566237935     
  0.50000000000000000        39.205209241816149     
  0.51000000000000001        40.340819620151457     
  0.52000000000000002        41.491036470108810     
  0.53000000000000003        42.655814379088334     
  0.54000000000000004        43.835098565778814     
  0.55000000000000004        45.028824701454901     
  0.56000000000000005        46.236918740490808     
  0.57000000000000006        47.459296760763124     
  0.57999999999999996        48.695864814612726     
  0.58999999999999997        49.946518791030641     
  0.59999999999999998        51.211144289724821     
  0.60999999999999999        52.489616507714167     
  0.62000000000000000        53.781800139082733     
  0.63000000000000000        55.087549288510580     
  0.64000000000000001        56.406707399178451     
  0.65000000000000002        57.739107195621152     
  0.66000000000000003        59.084570642079136     
  0.67000000000000004        60.442908916869470     
  0.68000000000000005        61.813922403266119     
  0.69000000000000006        63.197400697344982     
  0.70000000000000007        64.593122633212218     
  0.70999999999999996        66.000856325993993     
  0.71999999999999997        67.420359232923403     
  0.72999999999999998        68.851378232814568     
  0.73999999999999999        70.293649724166215     
  0.75000000000000000        71.746899742086754     
  0.76000000000000001        73.210844094180203     
  0.77000000000000002        74.685188515478345     
  0.78000000000000003        76.169628842447821     
  0.79000000000000004        77.663851206043333     
  0.80000000000000004        79.167532243719123     
  0.81000000000000005        80.680339330250433     
  0.82000000000000006        82.201930827156247     
  0.83000000000000007        83.731956350452577     
  0.83999999999999997        85.270057056404497     
  0.84999999999999998        86.815865944883072     
  0.85999999999999999        88.369008179872736     
  0.87000000000000000        89.929101426613599     
  0.88000000000000000        91.495756204804422     
  0.89000000000000001        93.068576257233417     
  0.90000000000000002        94.647158933148063     
  0.91000000000000003        96.231095585620352     
  0.92000000000000004        97.819971982112037     
  0.93000000000000005        99.413368727394740     
  0.94000000000000006        101.01086169793301     
  0.95000000000000007        102.61202248679504     
  0.95999999999999996        104.21641885811520     
  0.96999999999999997        105.82361521009636     
  0.97999999999999998        107.43317304550662     
  0.98999999999999999        109.04465144859691     
   1.0000000000000000        110.65760756734070     
   1.0100000000000000        112.27159709987737     
   1.0200000000000000        113.88617478402440     
   1.0300000000000000        115.50089488871285     
   1.0400000000000000        117.11531170619321     
   1.0500000000000000        118.72898004385749     
   1.0600000000000001        120.34145571452510     
   1.0700000000000001        121.95229602404815     
   1.0800000000000001        123.56106025510304     
   1.0900000000000001        125.16731014605153     
   1.1000000000000001        126.77061036377563     
   1.1100000000000001        128.37052896941495     
   1.1200000000000001        129.96663787596472     
   1.1300000000000001        131.55851329672541     
   1.1400000000000001        133.14573618363164     
   1.1500000000000001        134.72789265452835     
   1.1599999999999999        136.30457440850540     
   1.1699999999999999        137.87537912844894     
   1.1799999999999999        139.43991087001589     
   1.1899999999999999        140.99778043629095     
   1.2000000000000000        142.54860573743829     
   1.2100000000000000        144.09201213471627     
   1.2200000000000000        145.62763276828053     
   1.2300000000000000        147.15510886825965     
   1.2400000000000000        148.67409004864626     
   1.2500000000000000        150.18423458360726     
   1.2600000000000000        151.68520966587690     
   1.2700000000000000        153.17669164695630     
   1.2800000000000000        154.65836625890395     
   1.2900000000000000        156.12992881756080     
   1.3000000000000000        157.59108440711191     
   1.3100000000000001        159.04154804594526     
   1.3200000000000001        160.48104483382329     
   1.3300000000000001        161.90931008043881     
   1.3400000000000001        163.32608941547880     
   1.3500000000000001        164.73113888037153     
   1.3600000000000001        166.12422500194035     
   1.3700000000000001        167.50512484823517     
   1.3800000000000001        168.87362606685596     
   1.3900000000000001        170.22952690612425     
   1.4000000000000001        171.57263621949838     
   1.4099999999999999        172.90277345366300     
   1.4199999999999999        174.21976862075840     
   1.4299999999999999        175.52346225524411     
   1.4399999999999999        176.81370535592035     
   1.4500000000000000        178.09035931365452     
   1.4600000000000000        179.35329582538267     
   1.4700000000000000        180.60239679497425     
   1.4800000000000000        181.83755422156531     
   1.4900000000000000        183.05867007597803     
   1.5000000000000000        184.26565616585589     
   1.5100000000000000        185.45843399015132     
   1.5200000000000000        186.63693458360851     
   1.5300000000000000        187.80109835188679     
   1.5400000000000000        188.95087489797140     
   1.5500000000000000        190.08622284051572     
   1.5600000000000001        191.20710962475670     
   1.5700000000000001        192.31351132663843     
   1.5800000000000001        193.40541245077176     
   1.5900000000000001        194.48280572284827     
   1.6000000000000001        195.54569187711607     
   1.6100000000000001        196.59407943951211     
   1.6200000000000001        197.62798450703207     
   1.6300000000000001        198.64743052390355     
   1.6400000000000001        199.65244805511199     
   1.6500000000000001        200.64307455781173     
   1.6600000000000001        201.61935415113618     
   1.6699999999999999        202.58133738490233     
   1.6799999999999999        203.52908100768519     
   1.6899999999999999        204.46264773471819     
   1.7000000000000000        205.38210601605400     
   1.7100000000000000        206.28752980540105     
   1.7200000000000000        207.17899833002852     
   1.7300000000000000        208.05659586211240     
   1.7400000000000000        208.92041149187409     
   1.7500000000000000        209.77053890284114     
   1.7600000000000000        210.60707614954001     
   1.7700000000000000        211.43012543790888     
   1.7800000000000000        212.23979290869889     
   1.7900000000000000        213.03618842411134     
   1.8000000000000000        213.81942535789943     
   1.8100000000000001        214.58962038914296     
   1.8200000000000001        215.34689329988637     
   1.8300000000000001        216.09136677681127     
   1.8400000000000001        216.82316621709782     
   1.8500000000000001        217.54241953861117     
   1.8600000000000001        218.24925699453328     
   1.8700000000000001        218.94381099254406     
   1.8800000000000001        219.62621591864027     
   1.8900000000000001        220.29660796566674     
   1.9000000000000001        220.95512496661905     
   1.9100000000000001        221.60190623276500     
   1.9199999999999999        222.23709239661812     
   1.9299999999999999        222.86082525978534     
   1.9399999999999999        223.47324764569905     
   1.9500000000000000        224.07450325723320     
   1.9600000000000000        224.66473653919331     
   1.9700000000000000        225.24409254565995     
   1.9800000000000000        225.81271681215753     
   1.9900000000000000        226.37075523261132     
   2.0000000000000000        226.91835394104800     
   2.0100000000000002        227.45565919798850     
   2.0200000000000000        227.98281728147489     
   2.0300000000000002        228.49997438266743     
   2.0400000000000000        229.00727650594249     
   2.0499999999999998        229.50486937341716     
   2.0600000000000001        229.99289833382193     
   2.0699999999999998        230.47150827563860     
   2.0800000000000001        230.94084354441785     
   2.0899999999999999        231.40104786418709     
   2.1000000000000001        231.85226426285692     
   2.1099999999999999        232.29463500153219     
   2.1200000000000001        232.72830150763170     
   2.1299999999999999        233.15340431171927     
   2.1400000000000001        233.57008298794716     
   2.1499999999999999        233.97847609801252     
   2.1600000000000001        234.37872113852660     
   2.1699999999999999        234.77095449169576     
   2.1800000000000002        235.15531137921414     
   2.1899999999999999        235.53192581926680     
   2.2000000000000002        235.90093058654350     
   2.2100000000000000        236.26245717516301     
   2.2200000000000002        236.61663576440944     
   2.2300000000000000        236.96359518718177     
   2.2400000000000002        237.30346290106013     
   2.2500000000000000        237.63636496189272     
   2.2600000000000002        237.96242599980872     
   2.2700000000000000        238.28176919756410     
   2.2800000000000002        238.59451627112890     
   2.2900000000000000        238.90078745242556     
   2.3000000000000003        239.20070147413074     
   2.3100000000000001        239.49437555645341     
   2.3199999999999998        239.78192539580508     
   2.3300000000000001        240.06346515527920     
   2.3399999999999999        240.33910745685890     
   2.3500000000000001        240.60896337527447     
   2.3599999999999999        240.87314243343346     
   2.3700000000000001        241.13175259934872     
   2.3799999999999999        241.38490028449175     
   2.3900000000000001        241.63269034350031     
   2.3999999999999999        241.87522607517207     
   2.4100000000000001        242.11260922467719     
   2.4199999999999999        242.34493998692582     
   2.4300000000000002        242.57231701102737     
   2.4399999999999999        242.79483740578161     
   2.4500000000000002        243.01259674614266     
   2.4600000000000000        243.22568908059964     
   2.4700000000000002        243.43420693941914     
   2.4800000000000000        243.63824134369708     
   2.4900000000000002        243.83788181516900     
   2.5000000000000000        244.03321638673020     
   2.5100000000000002        244.22433161361820     
   2.5200000000000000        244.41131258521278     
   2.5300000000000002        244.59424293740969     
   2.5400000000000000        244.77320486552645     
   2.5500000000000003        244.94827913770030     
   2.5600000000000001        245.11954510873935     
   2.5699999999999998        245.28708073439071     
   2.5800000000000001        245.45096258598986     
   2.5899999999999999        245.61126586545763     
   2.6000000000000001        245.76806442061280     
   2.6099999999999999        245.92143076076883     
   2.6200000000000001        246.07143607258607     
   2.6299999999999999        246.21815023615068     
   2.6400000000000001        246.36164184125397     
   2.6499999999999999        246.50197820384636     
   2.6600000000000001        246.63922538264191     
   2.6699999999999999        246.77344819585011     
   2.6800000000000002        246.90471023801334     
   2.6899999999999999        247.03307389692887     
   2.7000000000000002        247.15860037063598     
   2.7100000000000000        247.28134968444908     
   2.7200000000000002        247.40138070801973     
   2.7300000000000000        247.51875117241025     
   2.7400000000000002        247.63351768716367     
   2.7500000000000000        247.74573575735459     
   2.7600000000000002        247.85545980060732     
   2.7700000000000000        247.96274316406780     
   2.7800000000000002        248.06763814131722     
   2.7900000000000000        248.17019598921530     
   2.8000000000000003        248.27046694466239     
   2.8100000000000001        248.36850024127057     
   2.8199999999999998        248.46434412593348     
   2.8300000000000001        248.55804587528658     
   2.8399999999999999        248.64965181204929     
   2.8500000000000001        248.73920732124125     
   2.8599999999999999        248.82675686626575     
   2.8700000000000001        248.91234400485342     
   2.8799999999999999        248.99601140486041     
   2.8900000000000001        249.07780085991533     
   2.8999999999999999        249.15775330490968     
   2.9100000000000001        249.23590883132729     
   2.9199999999999999        249.31230670240842     
   2.9300000000000002        249.38698536814451     
   2.9399999999999999        249.45998248010048     
   2.9500000000000002        249.53133490606101     
   2.9600000000000000        249.60107874449835     
   2.9700000000000002        249.66924933885917     
   2.9800000000000000        249.73588129166819     
   2.9900000000000002        249.80100847844693     
   3.0000000000000000        249.86466406144592     
   3.0100000000000002        249.92688050318918     
   3.0200000000000000        249.98768957982986     
   3.0300000000000002        250.04712239431629     
   3.0400000000000000        250.10520938936776     
   3.0500000000000003        250.16198036026003     
   3.0600000000000001        250.21746446741989     
   3.0700000000000003        250.27169024882920     
   3.0800000000000001        250.32468563223847     
   3.0899999999999999        250.37647794719021     
   3.1000000000000001        250.42709393685303     
   3.1099999999999999        250.47655976966658     
   3.1200000000000001        250.52490105079846     
   3.1299999999999999        250.57214283341412     
   3.1400000000000001        250.61830962976046     
   3.1499999999999999        250.66342542206473     
   3.1600000000000001        250.70751367324957     
   3.1699999999999999        250.75059733746573     
   3.1800000000000002        250.79269887044407     
   3.1899999999999999        250.83384023966821     
   3.2000000000000002        250.87404293436924     
   3.2100000000000000        250.91332797534457     
   3.2200000000000002        250.95171592460241     
   3.2300000000000000        250.98922689483365     
   3.2400000000000002        251.02588055871308     
   3.2500000000000000        251.06169615803182     
   3.2600000000000002        251.09669251266286     
   3.2700000000000000        251.13088802936164     
   3.2800000000000002        251.16430071040386     
   3.2900000000000000        251.19694816206240     
   3.3000000000000003        251.22884760292527     
   3.3100000000000001        251.26001587205704     
   3.3200000000000003        251.29046943700561     
   3.3300000000000001        251.32022440165642     
   3.3399999999999999        251.34929651393631     
   3.3500000000000001        251.37770117336916     
   3.3599999999999999        251.40545343848547     
   3.3700000000000001        251.43256803408795     
   3.3799999999999999        251.45905935837550     
   3.3900000000000001        251.48494148992728     
   3.3999999999999999        251.51022819454957     
   3.4100000000000001        251.53493293198719     
   3.4199999999999999        251.55906886250182     
   3.4300000000000002        251.58264885331917     
   3.4399999999999999        251.60568548494734     
   3.4500000000000002        251.62819105736833     
   3.4600000000000000        251.65017759610492     
   3.4700000000000002        251.67165685816482     
   3.4800000000000000        251.69264033786445     
   3.4900000000000002        251.71313927253414     
   3.5000000000000000        251.73316464810699     
   3.5100000000000002        251.75272720459324     
   3.5200000000000000        251.77183744144244     
   3.5300000000000002        251.79050562279500     
   3.5400000000000000        251.80874178262548     
   3.5500000000000003        251.82655572977933     
   3.5600000000000001        251.84395705290515     
   3.5700000000000003        251.86095512528431     
   3.5800000000000001        251.87755910955963     
   3.5899999999999999        251.89377796236550     
   3.6000000000000001        251.90962043886066     
   3.6099999999999999        251.92509509716598     
   3.6200000000000001        251.94021030270849     
   3.6299999999999999        251.95497423247414     
   3.6400000000000001        251.96939487917032     
   3.6499999999999999        251.98348005530019     
   3.6600000000000001        251.99723739715074     
   3.6699999999999999        252.01067436869573     
   3.6800000000000002        252.02379826541565     
   3.6899999999999999        252.03661621803599     
   3.7000000000000002        252.04913519618555     
   3.7100000000000000        252.06136201197640     
   3.7200000000000002        252.07330332350702     
   3.7300000000000000        252.08496563828999     
   3.7400000000000002        252.09635531660598     
   3.7500000000000000        252.10747857478540     
   3.7600000000000002        252.11834148841905     
   3.7700000000000000        252.12894999549943     
   3.7800000000000002        252.13930989949387     
   3.7900000000000000        252.14942687235111     
   3.8000000000000003        252.15930645744248     
   3.8100000000000001        252.16895407243902     
   3.8200000000000003        252.17837501212617     
   3.8300000000000001        252.18757445115668     
   3.8399999999999999        252.19655744674381     
   3.8500000000000001        252.20532894129533     
   3.8599999999999999        252.21389376499010     
   3.8700000000000001        252.22225663829789     
   3.8799999999999999        252.23042217444421     
   3.8900000000000001        252.23839488182085     
   3.8999999999999999        252.24617916634330     
   3.9100000000000001        252.25377933375660     
   3.9199999999999999        252.26119959189006     
   3.9300000000000002        252.26844405286241     
   3.9399999999999999        252.27551673523828     
   3.9500000000000002        252.28242156613692     
   3.9600000000000000        252.28916238329444     
   3.9700000000000002        252.29574294113993     
   3.9800000000000000        252.30216690031497     
   3.9900000000000002        252.30843784234131     
   4.0000000000000000        252.31455926715864     
