   0.0000000000000000        480.00000000000000     
   1.0000000000000000E-002   479.06923413334670     
   2.0000000000000000E-002   478.11989758834312     
   2.9999999999999999E-002   477.15170475858514     
   4.0000000000000001E-002   476.16436942568390     
   5.0000000000000003E-002   475.15760495084055     
   5.9999999999999998E-002   474.13112447542869     
   7.0000000000000007E-002   473.08464113073194     
   8.0000000000000002E-002   472.01786825697098     
   8.9999999999999997E-002   470.93051963174486     
  0.10000000000000001        469.82230970799600     
  0.11000000000000000        468.69295386159564     
  0.12000000000000000        467.54216864863002     
  0.13000000000000000        466.36967207245141     
  0.14000000000000001        465.17518386053939     
  0.14999999999999999        463.95842575119957     
  0.16000000000000000        462.71912179010502     
  0.17000000000000001        461.45699863666448     
  0.17999999999999999        460.17178588017799     
  0.19000000000000000        458.86321636571580     
  0.20000000000000001        457.53102652962957     
  0.20999999999999999        456.17495674457905     
  0.22000000000000000        454.79475167392718     
  0.23000000000000001        453.39016063532642     
  0.23999999999999999        451.96093797328859     
  0.25000000000000000        450.50684344049665     
  0.26000000000000001        449.02764258758361     
  0.27000000000000002        447.52310716106706     
  0.28000000000000003        445.99301550909354     
  0.28999999999999998        444.43715299460723     
  0.29999999999999999        442.85531241552019     
  0.31000000000000000        441.24729443142132     
  0.32000000000000001        439.61290799632110     
  0.33000000000000002        437.95197079688796     
  0.34000000000000002        436.26430969559084     
  0.35000000000000003        434.54976117811901     
  0.35999999999999999        432.80817180441028     
  0.37000000000000000        431.03939866257338     
  0.38000000000000000        429.24330982494877     
  0.39000000000000001        427.41978480551074     
  0.40000000000000002        425.56871501776919     
  0.41000000000000003        423.69000423228999     
  0.41999999999999998        421.78356903291058     
  0.42999999999999999        419.84933927068880     
  0.44000000000000000        417.88725851458327     
  0.45000000000000001        415.89728449782729     
  0.46000000000000002        413.87938955892230     
  0.47000000000000003        411.83356107614378     
  0.47999999999999998        409.75980189442055     
  0.48999999999999999        407.65813074342037     
  0.50000000000000000        405.52858264564861     
  0.51000000000000001        403.37120931334266     
  0.52000000000000002        401.18607953292599     
  0.53000000000000003        398.97327953576917     
  0.54000000000000004        396.73291335399199     
  0.55000000000000004        394.46510316003332     
  0.56000000000000005        392.16998958871011     
  0.57000000000000006        389.84773204048770     
  0.57999999999999996        387.49850896468837     
  0.58999999999999997        385.12251812137492     
  0.59999999999999998        382.71997682066097     
  0.60999999999999999        380.29112213821981     
  0.62000000000000000        377.83621110578929     
  0.63000000000000000        375.35552087550155     
  0.64000000000000001        372.84934885690251     
  0.65000000000000002        370.31801282556921     
  0.66000000000000003        367.76185100228071     
  0.67000000000000004        365.18122210175204     
  0.68000000000000005        362.57650535000067     
  0.69000000000000006        359.94810046947993     
  0.70000000000000007        357.29642763118403     
  0.70999999999999996        354.62192737300632     
  0.71999999999999997        351.92506048371234     
  0.72999999999999998        349.20630785197756     
  0.73999999999999999        346.46617028002817     
  0.75000000000000000        343.70516826152107     
  0.76000000000000001        340.92384172339729     
  0.77000000000000002        338.12274973154740     
  0.78000000000000003        335.30247016023372     
  0.79000000000000004        332.46359932532437     
  0.80000000000000004        329.60675158150553     
  0.81000000000000005        326.73255888375428     
  0.82000000000000006        323.84167031346794     
  0.83000000000000007        320.93475156976422     
  0.83999999999999997        318.01248442658317     
  0.84999999999999998        315.07556615633808     
  0.85999999999999999        312.12470892098020     
  0.87000000000000000        309.16063913145507     
  0.88000000000000000        306.18409677664283     
  0.89000000000000001        303.19583472298410     
  0.90000000000000002        300.19661798610053     
  0.91000000000000003        297.18722297582224     
  0.92000000000000004        294.16843671613429     
  0.93000000000000005        291.14105604164700     
  0.94000000000000006        288.10588677228515     
  0.95000000000000007        285.06374286797313     
  0.95999999999999996        282.01544556517001     
  0.96999999999999997        278.96182249717714     
  0.97999999999999998        275.90370680020493     
  0.98999999999999999        272.84193620723823     
   1.0000000000000000        269.77735213178761     
   1.0100000000000000        266.71079874365233     
   1.0200000000000000        263.64312203885072     
   1.0300000000000000        260.57516890589437     
   1.0400000000000000        257.50778619059702     
   1.0500000000000000        254.44181976161062     
   1.0600000000000001        251.37811357887853     
   1.0700000000000001        248.31750876718016     
   1.0800000000000001        245.26084269691984     
   1.0900000000000001        242.20894807428169     
   1.1000000000000001        239.16265204283303     
   1.1100000000000001        236.12277529861106     
   1.1200000000000001        233.09013122067265     
   1.1300000000000001        230.06552501902459     
   1.1400000000000001        227.04975290178163     
   1.1500000000000001        224.04360126332301     
   1.1599999999999999        221.04784589513653     
   1.1699999999999999        218.06325122094958     
   1.1799999999999999        215.09056955765433     
   1.1899999999999999        212.13054040343525     
   1.2000000000000000        209.18388975440516     
   1.2100000000000000        206.25132945095044     
   1.2200000000000000        203.33355655487694     
   1.2300000000000000        200.43125275833722     
   1.2400000000000000        197.54508382540703     
   1.2500000000000000        194.67569906706456     
   1.2600000000000000        191.82373085021166     
   1.2700000000000000        188.98979414126143     
   1.2800000000000000        186.17448608470247     
   1.2900000000000000        183.37838561693675     
   1.3000000000000000        180.60205311557704     
   1.3100000000000001        177.84603008427945     
   1.3200000000000001        175.11083887308095     
   1.3300000000000001        172.39698243410652     
   1.3400000000000001        169.70494411241032     
   1.3500000000000001        167.03518747161903     
   1.3600000000000001        164.38815615395134     
   1.3700000000000001        161.76427377410036     
   1.3800000000000001        159.16394384638085     
   1.3900000000000001        156.58754974446472     
   1.4000000000000001        154.03545469295432     
   1.4099999999999999        151.50800178997360     
   1.4199999999999999        149.00551405989467     
   1.4299999999999999        146.52829453525862     
   1.4399999999999999        144.07662636689733     
   1.4500000000000000        141.65077296121532     
   1.4600000000000000        139.25097814355007     
   1.4700000000000000        136.87746634649184     
   1.4800000000000000        134.53044282201435     
   1.4900000000000000        132.21009387624153     
   1.5000000000000000        129.91658712565527     
   1.5100000000000000        127.65007177353394     
   1.5200000000000000        125.41067890540059     
   1.5300000000000000        123.19852180225459     
   1.5400000000000000        121.01369627035821     
   1.5500000000000000        118.85628098635353     
   1.5600000000000001        116.72633785649147     
   1.5700000000000001        114.62391238876582     
   1.5800000000000001        112.54903407675953     
   1.5900000000000001        110.50171679402840     
   1.6000000000000001        108.48195919786829     
   1.6100000000000001        106.48974514133550     
   1.6200000000000001        104.52504409241668     
   1.6300000000000001        102.58781155927329     
   1.6400000000000001        100.67798952051653     
   1.6500000000000001        98.795506859501529     
   1.6600000000000001        96.940279801663991     
   1.6699999999999999        95.112212353958412     
   1.6799999999999999        93.311196745494101     
   1.6899999999999999        91.537113868503212     
   1.7000000000000000        89.789833718814094     
   1.7100000000000000        88.069215835042314     
   1.7200000000000000        86.375109735752076     
   1.7300000000000000        84.707355353880345     
   1.7400000000000000        83.065783467756432     
   1.7500000000000000        81.450216128089650     
   1.7600000000000000        79.860467080337500     
   1.7700000000000000        78.296342181906269     
   1.7800000000000000        76.757639813674572     
   1.7900000000000000        75.244151285369085     
   1.8000000000000000        73.755661234358669     
   1.8100000000000001        72.291948017470418     
   1.8200000000000001        70.852784095466362     
   1.8300000000000001        69.437936409854956     
   1.8400000000000001        68.047166751744811     
   1.8500000000000001        66.680232122481243     
   1.8600000000000001        65.336885085837494     
   1.8700000000000001        64.016874111562842     
   1.8800000000000001        62.719943910119262     
   1.8900000000000001        61.445835758466018     
   1.9000000000000001        60.194287816778207     
   1.9100000000000001        58.965035436010943     
   1.9199999999999999        57.757811456244760     
   1.9299999999999999        56.572346495770894     
   1.9399999999999999        55.408369230896660     
   1.9500000000000000        54.265606666471555     
   1.9600000000000000        53.143784397153887     
   1.9700000000000000        52.042626859455638     
   1.9800000000000000        50.961857574620119     
   1.9900000000000000        49.901199382402439     
   2.0000000000000000        48.860374665837462     
   2.0100000000000002        47.839105567093029     
   2.0200000000000000        46.837114194518847     
   2.0300000000000002        45.854122821012282     
   2.0400000000000000        44.889854073832993     
   2.0499999999999998        43.944031116007260     
   2.0600000000000001        43.016377819471373     
   2.0699999999999998        42.106618930111011     
   2.0800000000000001        41.214480224859912     
   2.0899999999999999        40.339688661027218     
   2.1000000000000001        39.481972518027710     
   2.1099999999999999        38.641061531693587     
   2.1200000000000001        37.816687021349949     
   2.1299999999999999        37.008582009839174     
   2.1400000000000001        36.216481336681710     
   2.1499999999999999        35.440121764562498     
   2.1600000000000001        34.679242079333484     
   2.1699999999999999        33.933583183723421     
   2.1800000000000002        33.202888184946282     
   2.1899999999999999        32.486902476399422     
   2.2000000000000002        31.785373813642057     
   2.2100000000000000        31.098052384843463     
   2.2200000000000002        30.424690875889087     
   2.2300000000000000        29.765044530330925     
   2.2400000000000002        29.118871204366641     
   2.2500000000000000        28.485931417029583     
   2.2600000000000002        27.865988395769360     
   2.2700000000000000        27.258808117599955     
   2.2800000000000002        26.664159345989393     
   2.2900000000000000        26.081813663661894     
   2.3000000000000003        25.511545501480221     
   2.3100000000000001        24.953132163572544     
   2.3199999999999998        24.406353848864583     
   2.3300000000000001        23.870993669174297     
   2.3399999999999999        23.346837664022605     
   2.3500000000000001        22.833674812309933     
   2.3599999999999999        22.331297041004575     
   2.3700000000000001        21.839499230984927     
   2.3799999999999999        21.358079220173934     
   2.3900000000000001        20.886837804100015     
   2.3999999999999999        20.425578734014991     
   2.4100000000000001        19.974108712695525     
   2.4199999999999999        19.532237388050788     
   2.4300000000000002        19.099777344655120     
   2.4399999999999999        18.676544093320690     
   2.4500000000000002        18.262356058821332     
   2.4600000000000000        17.857034565874951     
   2.4700000000000002        17.460403823488189     
   2.4800000000000000        17.072290907763421     
   2.4900000000000002        16.692525743264486     
   2.5000000000000000        16.320941083034047     
   2.5100000000000002        15.957372487351989     
   2.5200000000000000        15.601658301320830     
   2.5300000000000002        15.253639631360796     
   2.5400000000000000        14.913160320693947     
   2.5500000000000003        14.580066923893495     
   2.5600000000000001        14.254208680571391     
   2.5699999999999998        13.935437488274150     
   2.5800000000000001        13.623607874653983     
   2.5899999999999999        13.318576968979331     
   2.6000000000000001        13.020204473046167     
   2.6099999999999999        12.728352631548628     
   2.6200000000000001        12.442886201964923     
   2.6299999999999999        12.163672424011882     
   2.6400000000000001        11.890580988719007     
   2.6499999999999999        11.623484007170459     
   2.6600000000000001        11.362255978961089     
   2.6699999999999999        11.106773760410332     
   2.6800000000000002        10.856916532575632     
   2.6899999999999999        10.612565769104874     
   2.7000000000000002        10.373605203965363     
   2.7100000000000000        10.139920799084804     
   2.7200000000000002        9.9114007119379082     
   2.7300000000000000        9.6879352631104148     
   2.7400000000000002        9.4694169038705098     
   2.7500000000000000        9.2557401837759823     
   2.7600000000000002        9.0468017183437599     
   2.7700000000000000        8.8425001568069721     
   2.7800000000000002        8.6427361499831203     
   2.7900000000000000        8.4474123182755108     
   2.8000000000000003        8.2564332198287165     
   2.8100000000000001        8.0697053188575154     
   2.8199999999999998        7.8871369541674374     
   2.8300000000000001        7.7086383078838772     
   2.8399999999999999        7.5341213744055331     
   2.8500000000000001        7.3634999295968093     
   2.8599999999999999        7.1966895002327753     
   2.8700000000000001        7.0336073337092229     
   2.8799999999999999        6.8741723680294076     
   2.8900000000000001        6.7183052020781178     
   2.8999999999999999        6.5659280661928356     
   2.9100000000000001        6.4169647930408935     
   2.9199999999999999        6.2713407888107406     
   2.9300000000000002        6.1289830047246570     
   2.9399999999999999        5.9898199088795119     
   2.9500000000000002        5.8537814584214987     
   2.9600000000000000        5.7207990720600845     
   2.9700000000000002        5.5908056029258146     
   2.9800000000000000        5.4637353117759968     
   2.9900000000000002        5.3395238405517418     
   3.0000000000000000        5.2181081862893048     
   3.0100000000000002        5.0994266753881483     
   3.0200000000000000        4.9834189382376968     
   3.0300000000000002        4.8700258842042823     
   3.0400000000000000        4.7591896769793660     
   3.0500000000000003        4.6508537102897067     
   3.0600000000000001        4.5449625839697978     
   3.0700000000000003        4.4414620803964926     
   3.0800000000000001        4.3402991412854517     
   3.0899999999999999        4.2414218448487011     
   3.1000000000000001        4.1447793833123017     
   3.1099999999999999        4.0503220407928620     
   3.1200000000000001        3.9580011715313654     
   3.1299999999999999        3.8677691784825314     
   3.1400000000000001        3.7795794922577244     
   3.1499999999999999        3.6933865504191963     
   3.1600000000000001        3.6091457771232678     
   3.1699999999999999        3.5268135631098638     
   3.1800000000000002        3.4463472460356588     
   3.1899999999999999        3.3677050911479256     
   3.2000000000000002        3.2908462722960485     
   3.2100000000000000        3.2157308532775226     
   3.2200000000000002        3.1423197695151468     
   3.2300000000000000        3.0705748100620092     
   3.2400000000000002        3.0004585999307589     
   3.2500000000000000        2.9319345827435770     
   3.2600000000000002        2.8649670036991730     
   3.2700000000000000        2.7995208928530633     
   3.2800000000000002        2.7355620487073198     
   3.2900000000000000        2.6730570221059291     
   3.3000000000000003        2.6119731004318436     
   3.3100000000000001        2.5522782921017715     
   3.3200000000000003        2.4939413113547104     
   3.3300000000000001        2.4369315633302007     
   3.3399999999999999        2.3812191294322558     
   3.3500000000000001        2.3267747529748988     
   3.3599999999999999        2.2735698251052305     
   3.3700000000000001        2.2215763709999345     
   3.3799999999999999        2.1707670363311311     
   3.3900000000000001        2.1211150739974824     
   3.3999999999999999        2.0725943311164636     
   3.4100000000000001        2.0251792362737131     
   3.4199999999999999        1.9788447870253927     
   3.4300000000000002        1.9335665376494982     
   3.4399999999999999        1.8893205871420840     
   3.4500000000000002        1.8460835674543772     
   3.4600000000000000        1.8038326319667854     
   3.4700000000000002        1.7625454441958253     
   3.4800000000000000        1.7222001667300255     
   3.4900000000000002        1.6827754503908905     
   3.5000000000000000        1.6442504236150379     
   3.5100000000000002        1.6066046820536590     
   3.5200000000000000        1.5698182783854857     
   3.5300000000000002        1.5338717123394834     
   3.5400000000000000        1.4987459209235274     
   3.5500000000000003        1.4644222688553576     
   3.5600000000000001        1.4308825391921485     
   3.5700000000000003        1.3981089241550730     
   3.5800000000000001        1.3660840161452765     
   3.5899999999999999        1.3347907989477241     
   3.6000000000000001        1.3042126391194291     
   3.6099999999999999        1.2743332775586067     
   3.6200000000000001        1.2451368212513541     
   3.6299999999999999        1.2166077351924900     
   3.6400000000000001        1.1887308344772429     
   3.6499999999999999        1.1614912765605179     
   3.6600000000000001        1.1348745536805183     
   3.6699999999999999        1.1088664854435457     
   3.6800000000000002        1.0834532115668503     
   3.6899999999999999        1.0586211847764451     
   3.7000000000000002        1.0343571638568503     
   3.7100000000000000        1.0106482068497740     
   3.7200000000000002       0.98748166439878959     
   3.7300000000000000       0.96484517323710994     
   3.7400000000000002       0.94272664981560772     
   3.7500000000000000       0.92111428406827911     
   3.7600000000000002       0.89999653331238927     
   3.7700000000000000       0.87936211628058847     
   3.7800000000000002       0.85920000728233092     
   3.7900000000000000       0.83949943049197284     
   3.8000000000000003       0.82024985436097297     
   3.8100000000000001       0.80144098615166137     
   3.8200000000000003       0.78306276659008822     
   3.8300000000000001       0.76510536463550605     
   3.8399999999999999       0.74755917236408342     
   3.8500000000000001       0.73041479996449110     
   3.8599999999999999       0.71366307084304303     
   3.8700000000000001       0.69729501683611783     
   3.8799999999999999       0.68130187352762561     
   3.8900000000000001       0.66567507566932993     
   3.8999999999999999       0.65040625270187080     
   3.9100000000000001       0.63548722437437788     
   3.9199999999999999       0.62090999646060085     
   3.9300000000000002       0.60666675656952396     
   3.9399999999999999       0.59274987004846980     
   3.9500000000000002       0.57915187597673468     
   3.9600000000000000       0.56586548324783703     
   3.9700000000000002       0.55288355902473119     
   3.9800000000000000       0.54019914865445917     
   3.9900000000000002       0.52780544779755578     
   4.0000000000000000       0.51569580710810270     
