   0.0000000000000000        20.000000000000000     
   1.0000000000000000E-002   20.440662657301768     
   2.0000000000000000E-002   20.890122901278847     
   2.9999999999999999E-002   21.348516038030645     
   4.0000000000000001E-002   21.815977663830214     
   5.0000000000000003E-002   22.292643574378843     
   5.9999999999999998E-002   22.778649669793442     
   7.0000000000000007E-002   23.274131855257327     
   8.0000000000000002E-002   23.779225937270194     
   8.9999999999999997E-002   24.294067515438751     
  0.10000000000000001        24.818791869755721     
  0.11000000000000000        25.353533843321625     
  0.12000000000000000        25.898427720471183     
  0.13000000000000000        26.453607100274070     
  0.14000000000000001        27.019204765388263     
  0.14999999999999999        27.595352546253476     
  0.16000000000000000        28.182181180621825     
  0.17000000000000001        28.779820168433403     
  0.17999999999999999        29.388397622055432     
  0.19000000000000000        30.008040111915406     
  0.20000000000000001        30.638872507570984     
  0.20999999999999999        31.281017814272420     
  0.22000000000000000        31.934597005086999     
  0.23000000000000001        32.599728848669166     
  0.23999999999999999        33.276529732775096     
  0.25000000000000000        33.965113483635868     
  0.26000000000000001        34.665591181319691     
  0.27000000000000002        35.378070971230223     
  0.28000000000000003        36.102657871905372     
  0.28999999999999998        36.839453579298784     
  0.29999999999999999        37.588556267744394     
  0.31000000000000000        38.350060387823262     
  0.32000000000000001        39.124056461370920     
  0.33000000000000002        39.910630873882980     
  0.34000000000000002        40.709865664596421     
  0.35000000000000003        41.521838314544084     
  0.35999999999999999        42.346621532899796     
  0.37000000000000000        43.184283041952007     
  0.38000000000000000        44.034885361063822     
  0.39000000000000001        44.898485589997570     
  0.40000000000000002        45.775135192002011     
  0.41000000000000003        46.664879777079818     
  0.41999999999999998        47.567758885872600     
  0.42999999999999999        48.483805774619277     
  0.44000000000000000        49.413047201662167     
  0.45000000000000001        50.355503215992535     
  0.46000000000000002        51.311186948344364     
  0.47000000000000003        52.280104405360817     
  0.47999999999999998        53.262254267372676     
  0.48999999999999999        54.257627690341884     
  0.50000000000000000        55.266208112535452     
  0.51000000000000001        56.287971066506124     
  0.52000000000000002        57.322883996965452     
  0.53000000000000003        58.370906085142764     
  0.54000000000000004        59.431988080229459     
  0.55000000000000004        60.506072138512025     
  0.56000000000000005        61.593091670799318     
  0.57000000000000006        62.692971198749404     
  0.57999999999999996        63.805626220699125     
  0.58999999999999997        64.930963087594648     
  0.59999999999999998        66.068878889614425     
  0.60999999999999999        67.219261354066262     
  0.62000000000000000        68.381988755128233     
  0.63000000000000000        69.556929835988157     
  0.64000000000000001        70.743943743919331     
  0.65000000000000002        71.942879978809884     
  0.66000000000000003        73.153578355640391     
  0.67000000000000004        74.375868981378744     
  0.68000000000000005        75.609572246733478     
  0.69000000000000006        76.854498833175356     
  0.70000000000000007        78.110449735604007     
  0.70999999999999996        79.377216300999990     
  0.71999999999999997        80.654580283364567     
  0.72999999999999998        81.942313915208189     
  0.73999999999999999        83.240179995805903     
  0.75000000000000000        84.547931996392450     
  0.76000000000000001        85.865314182422779     
  0.77000000000000002        87.192061752974524     
  0.78000000000000003        88.527900997318710     
  0.79000000000000004        89.872549468632570     
  0.80000000000000004        91.225716174775613     
  0.81000000000000005        92.587101785995529     
  0.82000000000000006        93.956398859376051     
  0.83000000000000007        95.333292079783405     
  0.83999999999999997        96.717458517012545     
  0.84999999999999998        98.108567898779015     
  0.85999999999999999        99.506282899147223     
  0.87000000000000000        100.91025944193150     
  0.88000000000000000        102.32014701855293     
  0.89000000000000001        103.73558901978267     
  0.90000000000000002        105.15622308075163     
  0.91000000000000003        106.58168143855761     
  0.92000000000000004        108.01159130175384     
  0.93000000000000005        109.44557523095841     
  0.94000000000000006        110.88325152978199     
  0.95000000000000007        112.32423464523195     
  0.95999999999999996        113.76813557671491     
  0.96999999999999997        115.21456229272660     
  0.97999999999999998        116.66312015428849     
  0.98999999999999999        118.11341234416491     
   1.0000000000000000        119.56504030087179     
   1.0100000000000000        121.01760415647040     
   1.0200000000000000        122.47070317712497     
   1.0300000000000000        123.92393620539285     
   1.0400000000000000        125.37690210320984     
   1.0500000000000000        126.82920019453198     
   1.0600000000000001        128.28043070659646     
   1.0700000000000001        129.73019520877176     
   1.0800000000000001        131.17809704797722     
   1.0900000000000001        132.62374177966689     
   1.1000000000000001        134.06673759339145     
   1.1100000000000001        135.50669573197411     
   1.1200000000000001        136.94323090336277     
   1.1300000000000001        138.37596168425014     
   1.1400000000000001        139.80451091458690     
   1.1500000000000001        141.22850608214881     
   1.1599999999999999        142.64757969635824     
   1.1699999999999999        144.06136965060165     
   1.1799999999999999        145.46951957232994     
   1.1899999999999999        146.87167916027394     
   1.2000000000000000        148.26750450815669     
   1.2100000000000000        149.65665841433344     
   1.2200000000000000        151.03881067684264     
   1.2300000000000000        152.41363837340324     
   1.2400000000000000        153.78082612594685     
   1.2500000000000000        155.14006634932832     
   1.2600000000000000        156.49105948391158     
   1.2700000000000000        157.83351421178241     
   1.2800000000000000        159.16714765639372     
   1.2900000000000000        160.49168556550256     
   1.3000000000000000        161.80686247731117     
   1.3100000000000001        163.11242186977540     
   1.3200000000000001        164.40811629309584     
   1.3300000000000001        165.69370748545475     
   1.3400000000000001        166.96896647211094     
   1.3500000000000001        168.23367364800953     
   1.3600000000000001        169.48761884410843     
   1.3700000000000001        170.73060137766458     
   1.3800000000000001        171.96243008676336     
   1.3900000000000001        173.18292334941117     
   1.4000000000000001        174.39190908754745     
   1.4099999999999999        175.58922475636356     
   1.4199999999999999        176.77471731934713     
   1.4299999999999999        177.94824320949746     
   1.4399999999999999        179.10966827718252     
   1.4500000000000000        180.25886772513033     
   1.4600000000000000        181.39572603106743     
   1.4700000000000000        182.52013685853407     
   1.4800000000000000        183.63200295642051     
   1.4900000000000000        184.73123604778061     
   1.5000000000000000        185.81775670848899     
   1.5100000000000000        186.89149423631488     
   1.5200000000000000        187.95238651099103     
   1.5300000000000000        189.00037984585873     
   1.5400000000000000        190.03542883167054     
   1.5500000000000000        191.05749617313091     
   1.5600000000000001        192.06655251875199     
   1.5700000000000001        193.06257628459591     
   1.5800000000000001        194.04555347246890     
   1.5900000000000001        195.01547748312350     
   1.6000000000000001        195.97234892501581     
   1.6100000000000001        196.91617541915255     
   1.6200000000000001        197.84697140055141     
   1.6300000000000001        198.76475791682333     
   1.6400000000000001        199.66956242437166     
   1.6500000000000001        200.56141858268691     
   1.6600000000000001        201.44036604719997     
   1.6699999999999999        202.30645026113939     
   1.6799999999999999        203.15972224682082     
   1.6899999999999999        204.00023839677871     
   1.7000000000000000        204.82806026513202     
   1.7100000000000000        205.64325435955675     
   1.7200000000000000        206.44589193421950     
   1.7300000000000000        207.23604878400735     
   1.7400000000000000        208.01380504036959     
   1.7500000000000000        208.77924496906934     
   1.7600000000000000        209.53245677012262     
   1.7700000000000000        210.27353238018500     
   1.7800000000000000        211.00256727762670     
   1.7900000000000000        211.71966029051973     
   1.8000000000000000        212.42491340774205     
   1.8100000000000001        213.11843159338676     
   1.8200000000000001        213.80032260464742     
   1.8300000000000001        214.47069681333394     
   1.8400000000000001        215.12966703115757     
   1.8500000000000001        215.77734833890779     
   1.8600000000000001        216.41385791962941     
   1.8700000000000001        217.03931489589328     
   1.8800000000000001        217.65384017124060     
   1.8900000000000001        218.25755627586739     
   1.9000000000000001        218.85058721660289     
   1.9100000000000001        219.43305833122417     
   1.9199999999999999        220.00509614713724     
   1.9299999999999999        220.56682824444388     
   1.9399999999999999        221.11838312340441     
   1.9500000000000000        221.65989007629537     
   1.9600000000000000        222.19147906365293     
   1.9700000000000000        222.71328059488457     
   1.9800000000000000        223.22542561322248     
   1.9900000000000000        223.72804538498636     
   2.0000000000000000        224.22127139311468     
   2.0100000000000002        224.70523523491860     
   2.0200000000000000        225.18006852400640     
   2.0300000000000002        225.64590279632046     
   2.0400000000000000        226.10286942022469     
   2.0499999999999998        226.55109951057574     
   2.0600000000000001        226.99072384670683     
   2.0699999999999998        227.42187279425053     
   2.0800000000000001        227.84467623072237     
   2.0899999999999999        228.25926347478583     
   2.1000000000000001        228.66576321911552     
   2.1099999999999999        229.06430346677439     
   2.1200000000000001        229.45501147101851     
   2.1299999999999999        229.83801367844171     
   2.1400000000000001        230.21343567537127     
   2.1499999999999999        230.58140213742510     
   2.1600000000000001        230.94203678214006     
   2.1699999999999999        231.29546232458097     
   2.1800000000000002        231.64180043583974     
   2.1899999999999999        231.98117170433395     
   2.2000000000000002        232.31369559981462     
   2.2100000000000000        232.63949043999369     
   2.2200000000000002        232.95867335970163     
   2.2300000000000000        233.27136028248751     
   2.2400000000000002        233.57766589457344     
   2.2500000000000000        233.87770362107790     
   2.2600000000000002        234.17158560442215     
   2.2700000000000000        234.45942268483617     
   2.2800000000000002        234.74132438288197     
   2.2900000000000000        235.01739888391282     
   2.3000000000000003        235.28775302438933     
   2.3100000000000001        235.55249227997433     
   2.3199999999999998        235.81172075533061     
   2.3300000000000001        236.06554117554680     
   2.3399999999999999        236.31405487911880     
   2.3500000000000001        236.55736181241591     
   2.3599999999999999        236.79556052556228     
   2.3700000000000001        237.02874816966667     
   2.3799999999999999        237.25702049533464     
   2.3900000000000001        237.48047185240000     
   2.3999999999999999        237.69919519081327     
   2.4100000000000001        237.91328206262759     
   2.4199999999999999        238.12282262502370     
   2.4300000000000002        238.32790564431781     
   2.4399999999999999        238.52861850089801     
   2.4500000000000002        238.72504719503632     
   2.4600000000000000        238.91727635352575     
   2.4700000000000002        239.10538923709302     
   2.4800000000000000        239.28946774853989     
   2.4900000000000002        239.46959244156693     
   2.5000000000000000        239.64584253023617     
   2.5100000000000002        239.81829589903023     
   2.5200000000000000        239.98702911346680     
   2.5300000000000002        240.15211743122993     
   2.5400000000000000        240.31363481377997     
   2.5500000000000003        240.47165393840658     
   2.5600000000000001        240.62624621068963     
   2.5699999999999998        240.77748177733551     
   2.5800000000000001        240.92542953935657     
   2.5899999999999999        241.07015716556344     
   2.6000000000000001        241.21173110634143     
   2.6099999999999999        241.35021660768294     
   2.6200000000000001        241.48567772544942     
   2.6299999999999999        241.61817733983784     
   2.6400000000000001        241.74777717002743     
   2.6499999999999999        241.87453778898356     
   2.6600000000000001        241.99851863839740     
   2.6699999999999999        242.11977804373996     
   2.6800000000000002        242.23837322941145     
   2.6899999999999999        242.35436033396667     
   2.7000000000000002        242.46779442539906     
   2.7100000000000000        242.57872951646655     
   2.7200000000000002        242.68721858004284     
   2.7300000000000000        242.79331356447980     
   2.7400000000000002        242.89706540896626     
   2.7500000000000000        242.99852405886986     
   2.7600000000000002        243.09773848104939     
   2.7700000000000000        243.19475667912567     
   2.7800000000000002        243.28962570870010     
   2.7900000000000000        243.38239169250966     
   2.8000000000000003        243.47309983550934     
   2.8100000000000001        243.56179443987239     
   2.8199999999999998        243.64851891989957     
   2.8300000000000001        243.73331581683001     
   2.8399999999999999        243.81622681354565     
   2.8500000000000001        243.89729274916240     
   2.8599999999999999        243.97655363350196     
   2.8700000000000001        244.05404866143786     
   2.8799999999999999        244.12981622711069     
   2.8900000000000001        244.20389393800707     
   2.8999999999999999        244.27631862889800     
   2.9100000000000001        244.34712637563231     
   2.9199999999999999        244.41635250878136     
   2.9300000000000002        244.48403162713134     
   2.9399999999999999        244.55019761102051     
   2.9500000000000002        244.61488363551800     
   2.9600000000000000        244.67812218344207     
   2.9700000000000002        244.73994505821551     
   2.9800000000000000        244.80038339655630     
   2.9900000000000002        244.85946768100180     
   3.0000000000000000        244.91722775226526     
   3.0100000000000002        244.97369282142316     
   3.0200000000000000        245.02889148193293     
   3.0300000000000002        245.08285172147995     
   3.0400000000000000        245.13560093365339     
   3.0500000000000003        245.18716592945077     
   3.0600000000000001        245.23757294861082     
   3.0700000000000003        245.28684767077479     
   3.0800000000000001        245.33501522647657     
   3.0899999999999999        245.38210020796160     
   3.1000000000000001        245.42812667983517     
   3.1099999999999999        245.47311818954108     
   3.1200000000000001        245.51709777767070     
   3.1299999999999999        245.56008798810387     
   3.1400000000000001        245.60211087798234     
   3.1499999999999999        245.64318802751657     
   3.1600000000000001        245.68334054962770     
   3.1699999999999999        245.72258909942497     
   3.1800000000000002        245.76095388352081     
   3.1899999999999999        245.79845466918442     
   3.2000000000000002        245.83511079333528     
   3.2100000000000000        245.87094117137846     
   3.2200000000000002        245.90596430588300     
   3.2300000000000000        245.94019829510489     
   3.2400000000000002        245.97366084135672     
   3.2500000000000000        246.00636925922515     
   3.2600000000000002        246.03834048363854     
   3.2700000000000000        246.06959107778587     
   3.2800000000000002        246.10013724088941     
   3.2900000000000000        246.12999481583228     
   3.3000000000000003        246.15917929664352     
   3.3100000000000001        246.18770583584180     
   3.3200000000000003        246.21558925164027     
   3.3300000000000001        246.24284403501397     
   3.3399999999999999        246.26948435663203     
   3.3500000000000001        246.29552407365654     
   3.3599999999999999        246.32097673640988     
   3.3700000000000001        246.34585559491268     
   3.3799999999999999        246.37017360529393     
   3.3900000000000001        246.39394343607577     
   3.3999999999999999        246.41717747433449     
   3.4100000000000001        246.43988783173961     
   3.4199999999999999        246.46208635047330     
   3.4300000000000002        246.48378460903186     
   3.4399999999999999        246.50499392791110     
   3.4500000000000002        246.52572537517779     
   3.4600000000000000        246.54598977192879     
   3.4700000000000002        246.56579769763982     
   3.4800000000000000        246.58515949540600     
   3.4900000000000002        246.60408527707543     
   3.5000000000000000        246.62258492827846     
   3.5100000000000002        246.64066811335357     
   3.5200000000000000        246.65834428017254     
   3.5300000000000002        246.67562266486598     
   3.5400000000000000        246.69251229645147     
   3.5500000000000003        246.70902200136578     
   3.5600000000000001        246.72516040790316     
   3.5700000000000003        246.74093595056110     
   3.5800000000000001        246.75635687429556     
   3.5899999999999999        246.77143123868726     
   3.6000000000000001        246.78616692202039     
   3.6099999999999999        246.80057162527589     
   3.6200000000000001        246.81465287604061     
   3.6299999999999999        246.82841803233381     
   3.6400000000000001        246.84187428635289     
   3.6499999999999999        246.85502866813974     
   3.6600000000000001        246.86788804916918     
   3.6699999999999999        246.88045914586115     
   3.6800000000000002        246.89274852301793     
   3.6899999999999999        246.90476259718801     
   3.7000000000000002        246.91650763995804     
   3.7100000000000000        246.92798978117426     
   3.7200000000000002        246.93921501209465     
   3.7300000000000000        246.95018918847336     
   3.7400000000000002        246.96091803357885     
   3.7500000000000000        246.97140714114678     
   3.7600000000000002        246.98166197826902     
   3.7700000000000000        246.99168788822044     
   3.7800000000000002        247.00149009322425     
   3.7900000000000000        247.01107369715734     
   3.8000000000000003        247.02044368819699     
   3.8100000000000001        247.02960494140973     
   3.8200000000000003        247.03856222128420     
   3.8300000000000001        247.04732018420827     
   3.8399999999999999        247.05588338089257     
   3.8500000000000001        247.06425625874061     
   3.8599999999999999        247.07244316416728     
   3.8700000000000001        247.08044834486640     
   3.8799999999999999        247.08827595202854     
   3.8900000000000001        247.09593004251022     
   3.8999999999999999        247.10341458095522     
   3.9100000000000001        247.11073344186940     
   3.9199999999999999        247.11789041164971     
   3.9300000000000002        247.12488919056844     
   3.9399999999999999        247.13173339471362     
   3.9500000000000002        247.13842655788670     
   3.9600000000000000        247.14497213345805     
   3.9700000000000002        247.15137349983559     
   3.9800000000000000        247.15763395103082     
   3.9900000000000002        247.16375670986130     
   4.0000000000000000        247.16974492573340     
