   0.0000000000000000        1.0000000000000000     
   1.0000000000000000E-002  0.99748999999999999     
   2.0000000000000000E-002  0.99512903950387499     
   2.9999999999999999E-002  0.99291594257536120     
   4.0000000000000001E-002  0.99084956012039338     
   5.0000000000000003E-002  0.98892876957021070     
   5.9999999999999998E-002  0.98715247457005340     
   7.0000000000000007E-002  0.98551960467336952     
   8.0000000000000002E-002  0.98402911504145141     
   8.9999999999999997E-002  0.98267998614842300     
  0.10000000000000001       0.98147122349150251     
  0.11000000000000000       0.98040185730646234     
  0.12000000000000000       0.97947094228821385     
  0.13000000000000000       0.97867755731644279     
  0.14000000000000001       0.97802080518622314     
  0.14999999999999999       0.97749981234353944     
  0.16000000000000000       0.97711372862564772     
  0.17000000000000001       0.97686172700620688     
  0.17999999999999999       0.97674300334511299     
  0.19000000000000000       0.97675677614297118     
  0.20000000000000001       0.97690228630014009     
  0.20999999999999999       0.97717879688028442     
  0.22000000000000000       0.97758559287837443     
  0.23000000000000001       0.97812198099306935     
  0.23999999999999999       0.97878728940342508     
  0.25000000000000000       0.97958086754986684     
  0.26000000000000001       0.98050208591936738     
  0.27000000000000002       0.98155033583477458     
  0.28000000000000003       0.98272502924823080     
  0.28999999999999998       0.98402559853862981     
  0.29999999999999999       0.98545149631305529     
  0.31000000000000000       0.98700219521214871     
  0.32000000000000001       0.98867718771935298     
  0.33000000000000002       0.99047598597398068     
  0.34000000000000002       0.99239812158805552     
  0.35000000000000003       0.99444314546687773     
  0.35999999999999999       0.99661062763326347     
  0.37000000000000000       0.99890015705541024     
  0.38000000000000000        1.0013113414783417     
  0.39000000000000001        1.0038438072588833     
  0.40000000000000002        1.0064971992041256     
  0.41000000000000003        1.0092711804133276     
  0.41999999999999998        1.0121654321232172     
  0.42999999999999999        1.0151796535566455     
  0.44000000000000000        1.0183135617745518     
  0.45000000000000001        1.0215668915311966     
  0.46000000000000002        1.0249393951326229     
  0.47000000000000003        1.0284308422983033     
  0.47999999999999998        1.0320410200259358     
  0.48999999999999999        1.0357697324593456     
  0.50000000000000000        1.0396168007594571     
  0.51000000000000001        1.0435820629782981     
  0.52000000000000002        1.0476653739359978     
  0.53000000000000003        1.0518666051007417     
  0.54000000000000004        1.0561856444716513     
  0.55000000000000004        1.0606223964645476     
  0.56000000000000005        1.0651767818005686     
  0.57000000000000006        1.0698487373976051     
  0.57999999999999996        1.0746382162645205     
  0.58999999999999997        1.0795451873981226     
  0.59999999999999998        1.0845696356828558     
  0.60999999999999999        1.0897115617931810     
  0.62000000000000000        1.0949709820986122     
  0.63000000000000000        1.1003479285713802     
  0.64000000000000001        1.1058424486966916     
  0.65000000000000002        1.1114546053855556     
  0.66000000000000003        1.1171844768901480     
  0.67000000000000004        1.1230321567216857     
  0.68000000000000005        1.1289977535707809     
  0.69000000000000006        1.1350813912302515     
  0.70000000000000007        1.1412832085203570     
  0.70999999999999996        1.1476033592164356     
  0.71999999999999997        1.1540420119789168     
  0.72999999999999998        1.1605993502856808     
  0.73999999999999999        1.1672755723667450     
  0.75000000000000000        1.1740708911412476     
  0.76000000000000001        1.1809855341567081     
  0.77000000000000002        1.1880197435305382     
  0.78000000000000003        1.1951737758937813     
  0.79000000000000004        1.2024479023370584     
  0.80000000000000004        1.2098424083586958     
  0.81000000000000005        1.2173575938150143     
  0.82000000000000006        1.2249937728727578     
  0.83000000000000007        1.2327512739636401     
  0.83999999999999997        1.2406304397409886     
  0.84999999999999998        1.2486316270384652     
  0.85999999999999999        1.2567552068308436     
  0.87000000000000000        1.2650015641968246     
  0.88000000000000000        1.2733710982838680     
  0.89000000000000001        1.2818642222750236     
  0.90000000000000002        1.2904813633577434     
  0.91000000000000003        1.2992229626946543     
  0.92000000000000004        1.3080894753962757     
  0.93000000000000005        1.3170813704956637     
  0.94000000000000006        1.3261991309249632     
  0.95000000000000007        1.3354432534938543     
  0.95999999999999996        1.3448142488698729     
  0.96999999999999997        1.3543126415605913     
  0.97999999999999998        1.3639389698976423     
  0.98999999999999999        1.3736937860225711     
   1.0000000000000000        1.3835776558744999     
   1.0100000000000000        1.3935911591795893     
   1.0200000000000000        1.4037348894422834     
   1.0300000000000000        1.4140094539383223     
   1.0400000000000000        1.4244154737095092     
   1.0500000000000000        1.4349535835602170     
   1.0600000000000001        1.4456244320556222     
   1.0700000000000001        1.4564286815216518     
   1.0800000000000001        1.4673670080466295     
   1.0900000000000001        1.4784401014846096     
   1.1000000000000001        1.4896486654603862     
   1.1100000000000001        1.5009934173761634     
   1.1200000000000001        1.5124750884198765     
   1.1300000000000001        1.5240944235751515     
   1.1400000000000001        1.5358521816328909     
   1.1500000000000001        1.5477491352044763     
   1.1599999999999999        1.5597860707365725     
   1.1699999999999999        1.5719637885275279     
   1.1799999999999999        1.5842831027453557     
   1.1899999999999999        1.5967448414472876     
   1.2000000000000000        1.6093498466008895     
   1.2100000000000000        1.6220989741067298     
   1.2200000000000000        1.6349930938225874     
   1.2300000000000000        1.6480330895891950     
   1.2400000000000000        1.6612198592575032     
   1.2500000000000000        1.6745543147174584     
   1.2600000000000000        1.6880373819282863     
   1.2700000000000000        1.7016700009502703     
   1.2800000000000000        1.7154531259780166     
   1.2900000000000000        1.7293877253751988     
   1.3000000000000000        1.7434747817107716     
   1.3100000000000001        1.7577152917966470     
   1.3200000000000001        1.7721102667268243     
   1.3300000000000001        1.7866607319179661     
   1.3400000000000001        1.8013677271514132     
   1.3500000000000001        1.8162323066166297     
   1.3600000000000001        1.8312555389560725     
   1.3700000000000001        1.8464385073114764     
   1.3800000000000001        1.8617823093715491     
   1.3900000000000001        1.8772880574210680     
   1.4000000000000001        1.8929568783913731     
   1.4099999999999999        1.9087899139122488     
   1.4199999999999999        1.9247883203651881     
   1.4299999999999999        1.9409532689380320     
   1.4399999999999999        1.9572859456809804     
   1.4500000000000000        1.9737875515639651     
   1.4600000000000000        1.9904593025353823     
   1.4700000000000000        2.0073024295821744     
   1.4800000000000000        2.0243181787912601     
   1.4900000000000000        2.0415078114123033     
   1.5000000000000000        2.0588726039218188     
   1.5100000000000000        2.0764138480886043     
   1.5200000000000000        2.0941328510404991     
   1.5300000000000000        2.1120309353324607     
   1.5400000000000000        2.1301094390159538     
   1.5500000000000000        2.1483697157096504     
   1.5600000000000001        2.1668131346714303     
   1.5700000000000001        2.1854410808716831     
   1.5800000000000001        2.2042549550679014     
   1.5900000000000001        2.2232561738805647     
   1.6000000000000001        2.2424461698703086     
   1.6100000000000001        2.2618263916163706     
   1.6200000000000001        2.2813983037963137     
   1.6300000000000001        2.3011633872670214     
   1.6400000000000001        2.3211231391469562     
   1.6500000000000001        2.3412790728996828     
   1.6600000000000001        2.3616327184186474     
   1.6699999999999999        2.3821856221132127     
   1.6799999999999999        2.4029393469959386     
   1.6899999999999999        2.4238954727711124     
   1.7000000000000000        2.4450555959245164     
   1.7100000000000000        2.4664213298144344     
   1.7200000000000000        2.4879943047638919     
   1.7300000000000000        2.5097761681541235     
   1.7400000000000000        2.5317685845192655     
   1.7500000000000000        2.5539732356422706     
   1.7600000000000000        2.5763918206520398     
   1.7700000000000000        2.5990260561217662     
   1.7800000000000000        2.6218776761684892     
   1.7900000000000000        2.6449484325538544     
   1.8000000000000000        2.6682400947860732     
   1.8100000000000001        2.6917544502230832     
   1.8200000000000001        2.7154933041768992     
   1.8300000000000001        2.7394584800191559     
   1.8400000000000001        2.7636518192878365     
   1.8500000000000001        2.7880751817951834     
   1.8600000000000001        2.8127304457367872     
   1.8700000000000001        2.8376195078018487     
   1.8800000000000001        2.8627442832846133     
   1.8900000000000001        2.8881067061969707     
   1.9000000000000001        2.9137087293822175     
   1.9100000000000001        2.9395523246299771     
   1.9199999999999999        2.9656394827922741     
   1.9299999999999999        2.9919722139007603     
   1.9399999999999999        3.0185525472850854     
   1.9500000000000000        3.0453825316924092     
   1.9600000000000000        3.0724642354080518     
   1.9700000000000000        3.0997997463772768     
   1.9800000000000000        3.1273911723282044     
   1.9900000000000000        3.1552406408958462     
   2.0000000000000000        3.1833502997472634     
   2.0100000000000002        3.2117223167078364     
   2.0200000000000000        3.2403588798886482     
   2.0300000000000002        3.2692621978149718     
   2.0400000000000000        3.2984344995558592     
   2.0499999999999998        3.3278780348548258     
   2.0600000000000001        3.3575950742616270     
   2.0699999999999998        3.3875879092651200     
   2.0800000000000001        3.4178588524272064     
   2.0899999999999999        3.4484102375178498     
   2.1000000000000001        3.4792444196511632     
   2.1099999999999999        3.5103637754225629     
   2.1200000000000001        3.5417707030469776     
   2.1299999999999999        3.5734676224981134     
   2.1400000000000001        3.6054569756487633     
   2.1499999999999999        3.6377412264121602     
   2.1600000000000001        3.6703228608843617     
   2.1699999999999999        3.7032043874876654     
   2.1800000000000002        3.7363883371150446     
   2.1899999999999999        3.7698772632756001     
   2.2000000000000002        3.8036737422410192     
   2.2100000000000000        3.8377803731930364     
   2.2200000000000002        3.8721997783718889     
   2.2300000000000000        3.9069346032257579     
   2.2400000000000002        3.9419875165611886     
   2.2500000000000000        3.9773612106944833     
   2.2600000000000002        4.0130584016040567     
   2.2700000000000000        4.0490818290837476     
   2.2800000000000002        4.0854342568970781     
   2.2900000000000000        4.1221184729324474     
   2.3000000000000003        4.1591372893592622     
   2.3100000000000001        4.1964935427849834     
   2.3199999999999998        4.2341900944130852     
   2.3300000000000001        4.2722298302019173     
   2.3399999999999999        4.3106156610244577     
   2.3500000000000001        4.3493505228289537     
   2.3599999999999999        4.3884373768004270     
   2.3700000000000001        4.4278792095230486     
   2.3799999999999999        4.4676790331433622     
   2.3900000000000001        4.5078398855343460     
   2.3999999999999999        4.5483648304603079     
   2.4100000000000001        4.5892569577425943     
   2.4199999999999999        4.6305193834261100     
   2.4300000000000002        4.6721552499466243     
   2.4399999999999999        4.7141677262988679     
   2.4500000000000002        4.7565600082053914     
   2.4600000000000000        4.7993353182861807     
   2.4700000000000002        4.8424969062290186     
   2.4800000000000000        4.8860480489605695     
   2.4900000000000002        4.9299920508181838     
   2.5000000000000000        4.9743322437223991     
   2.5100000000000002        5.0190719873501273     
   2.5200000000000000        5.0642146693085150     
   2.5300000000000002        5.1097637053094545     
   2.5400000000000000        5.1557225393447368     
   2.5500000000000003        5.2020946438618267     
   2.5600000000000001        5.2488835199402448     
   2.5699999999999998        5.2960926974685369     
   2.5800000000000001        5.3437257353218168     
   2.5899999999999999        5.3917862215398644     
   2.6000000000000001        5.4402777735057555     
   2.6099999999999999        5.4892040381250125     
   2.6200000000000001        5.5385686920052510     
   2.6299999999999999        5.5883754416363072     
   2.6400000000000001        5.6386280235708170     
   2.6499999999999999        5.6893302046052439     
   2.6600000000000001        5.7404857819613113     
   2.6699999999999999        5.7920985834678405     
   2.6800000000000002        5.8441724677429558     
   2.6899999999999999        5.8967113243766445     
   2.7000000000000002        5.9497190741136396     
   2.7100000000000000        6.0031996690366132     
   2.7200000000000002        6.0571570927496472     
   2.7300000000000000        6.1115953605619593     
   2.7400000000000002        6.1665185196718619     
   2.7500000000000000        6.2219306493509237     
   2.7600000000000002        6.2778358611283132     
   2.7700000000000000        6.3342382989752926     
   2.7800000000000002        6.3911421394898351     
   2.7900000000000000        6.4485515920813423     
   2.8000000000000003        6.5064708991554285     
   2.8100000000000001        6.5649043362987429     
   2.8199999999999998        6.6238562124638021     
   2.8300000000000001        6.6833308701538012     
   2.8399999999999999        6.7433326856073741     
   2.8500000000000001        6.8038660689832646     
   2.8599999999999999        6.8649354645448888     
   2.8700000000000001        6.9265453508447408     
   2.8799999999999999        6.9887002409086190     
   2.8900000000000001        7.0514046824196344     
   2.8999999999999999        7.1146632579019640     
   2.9100000000000001        7.1784805849043165     
   2.9199999999999999        7.2428613161830713     
   2.9300000000000002        7.3078101398850563     
   2.9399999999999999        7.3733317797299236     
   2.9500000000000002        7.4394309951920858     
   2.9600000000000000        7.5061125816821699     
   2.9700000000000002        7.5733813707279563     
   2.9800000000000000        7.6412422301547496     
   2.9900000000000002        7.7097000642651539     
   3.0000000000000000        7.7787598140181942     
   3.0100000000000002        7.8484264572077533     
   3.0200000000000000        7.9187050086402699     
   3.0300000000000002        7.9896005203116607     
   3.0400000000000000        8.0611180815834125     
   3.0500000000000003        8.1332628193578049     
   3.0600000000000001        8.2060398982522074     
   3.0700000000000003        8.2794545207724077     
   3.0800000000000001        8.3535119274849219     
   3.0899999999999999        8.4282173971882290     
   3.1000000000000001        8.5035762470828864     
   3.1099999999999999        8.5795938329404731     
   3.1200000000000001        8.6562755492712942     
   3.1299999999999999        8.7336268294908077     
   3.1400000000000001        8.8116531460847174     
   3.1499999999999999        8.8903600107726568     
   3.1600000000000001        8.9697529746704312     
   3.1699999999999999        9.0498376284507458     
   3.1800000000000002        9.1306196025023549     
   3.1899999999999999        9.2121045670875912     
   3.2000000000000002        9.2942982324981873     
   3.2100000000000000        9.3772063492093523     
   3.2200000000000002        9.4608347080320208     
   3.2300000000000000        9.5451891402632185     
   3.2400000000000002        9.6302755178344750     
   3.2500000000000000        9.7160997534582219     
   3.2600000000000002        9.8026678007720971     
   3.2700000000000000        9.8899856544810980     
   3.2800000000000002        9.9780593504975066     
   3.2900000000000000        10.066894966078513     
   3.3000000000000003        10.156498619961468     
   3.3100000000000001        10.246876472496695     
   3.3200000000000003        10.338034725777771     
   3.3300000000000001        10.429979623769221     
   3.3399999999999999        10.522717452431523     
   3.3500000000000001        10.616254539843379     
   3.3599999999999999        10.710597256321128     
   3.3700000000000001        10.805752014535260     
   3.3799999999999999        10.901725269623928     
   3.3900000000000001        10.998523519303371     
   3.3999999999999999        11.096153303975175     
   3.4100000000000001        11.194621206830282     
   3.4199999999999999        11.293933853949648     
   3.4300000000000002        11.394097914401478     
   3.4399999999999999        11.495120100334935     
   3.4500000000000002        11.597007167070243     
   3.4600000000000000        11.699765913185072     
   3.4700000000000002        11.803403180597126     
   3.4800000000000000        11.907925854642842     
   3.4900000000000002        12.013340864152088     
   3.5000000000000000        12.119655181518766     
   3.5100000000000002        12.226875822767234     
   3.5200000000000000        12.335009847614419     
   3.5300000000000002        12.444064359527552     
   3.5400000000000000        12.554046505777384     
   3.5500000000000003        12.664963477486815     
   3.5600000000000001        12.776822509674790     
   3.5700000000000003        12.889630881295400     
   3.5800000000000001        13.003395915272021     
   3.5899999999999999        13.118124978526447     
   3.6000000000000001        13.233825482002839     
   3.6099999999999999        13.350504880686421     
   3.6200000000000001        13.468170673616790     
   3.6299999999999999        13.586830403895727     
   3.6400000000000001        13.706491658689387     
   3.6499999999999999        13.827162069224755     
   3.6600000000000001        13.948849310780238     
   3.6699999999999999        14.071561102670275     
   3.6800000000000002        14.195305208223850     
   3.6899999999999999        14.320089434756765     
   3.7000000000000002        14.445921633537560     
   3.7100000000000000        14.572809699746941     
   3.7200000000000002        14.700761572430597     
   3.7300000000000000        14.829785234445273     
   3.7400000000000002        14.959888712397955     
   3.7500000000000000        15.091080076578045     
   3.7600000000000002        15.223367440882388     
   3.7700000000000000        15.356758962733016     
   3.7800000000000002        15.491262842987455     
   3.7900000000000000        15.626887325841487     
   3.8000000000000003        15.763640698724190     
   3.8100000000000001        15.901531292185144     
   3.8200000000000003        16.040567479773635     
   3.8300000000000001        16.180757677909732     
   3.8399999999999999        16.322110345747074     
   3.8500000000000001        16.464633985027234     
   3.8599999999999999        16.608337139925503     
   3.8700000000000001        16.753228396887931     
   3.8799999999999999        16.899316384459514     
   3.8900000000000001        17.046609773103313     
   3.8999999999999999        17.195117275010414     
   3.9100000000000001        17.344847643900529     
   3.9199999999999999        17.495809674813096     
   3.9300000000000002        17.648012203888733     
   3.9399999999999999        17.801464108140859     
   3.9500000000000002        17.956174305217356     
   3.9600000000000000        18.112151753152077     
   3.9700000000000002        18.269405450106056     
   3.9800000000000000        18.427944434098269     
   3.9900000000000002        18.587777782725748     
   4.0000000000000000        18.748914612872916     
