   0.0000000000000000        0.0000000000000000     
   1.0000000000000000E-002   4.7500000000000001E-002
   2.0000000000000000E-002   9.4733298826374990E-002
   2.9999999999999999E-002  0.14170781163049342     
   4.0000000000000001E-002  0.18843137113151476     
   5.0000000000000003E-002  0.23491172918170450     
   5.9999999999999998E-002  0.28115655831009367     
   7.0000000000000007E-002  0.32717345324485669     
   8.0000000000000002E-002  0.37296993241477427     
   8.9999999999999997E-002  0.41855343943014250     
  0.10000000000000001       0.46393134454348273     
  0.11000000000000000       0.50911094609040020     
  0.12000000000000000       0.55409947191093434     
  0.13000000000000000       0.59890408075173729     
  0.14000000000000001       0.64353186364941128     
  0.14999999999999999       0.68798984529532992     
  0.16000000000000000       0.73228498538226339     
  0.17000000000000001       0.77642417993312141     
  0.17999999999999999       0.82041426261212325     
  0.19000000000000000       0.86426200601869774     
  0.20000000000000001       0.90797412296441249     
  0.20999999999999999       0.95155726773322524     
  0.22000000000000000       0.99501803732534655     
  0.23000000000000001        1.0383629726849961     
  0.23999999999999999        1.0815985599123332     
  0.25000000000000000        1.1247312314598352     
  0.26000000000000001        1.1677673673133924     
  0.27000000000000002        1.2107132961583855     
  0.28000000000000003        1.2535752965310072     
  0.28999999999999998        1.2963595979550828     
  0.29999999999999999        1.3390723820646422     
  0.31000000000000000        1.3817197837124924     
  0.32000000000000001        1.4243078920650332     
  0.33000000000000002        1.4668427516835558     
  0.34000000000000002        1.5093303635922617     
  0.35000000000000003        1.5517766863332323     
  0.35999999999999999        1.5941876370085779     
  0.37000000000000000        1.6365690923099905     
  0.38000000000000000        1.6789268895359215     
  0.39000000000000001        1.7212668275966010     
  0.40000000000000002        1.7635946680071117     
  0.41000000000000003        1.8059161358687295     
  0.41999999999999998        1.8482369208387344     
  0.42999999999999999        1.8905626780888980     
  0.44000000000000000        1.9328990292528454     
  0.45000000000000001        1.9752515633624892     
  0.46000000000000002        2.0176258377737288     
  0.47000000000000003        2.0600273790816059     
  0.47999999999999998        2.1024616840251014     
  0.48999999999999999        2.1449342203817614     
  0.50000000000000000        2.1874504278523306     
  0.51000000000000001        2.2300157189355723     
  0.52000000000000002        2.2726354797934505     
  0.53000000000000003        2.3153150711068466     
  0.54000000000000004        2.3580598289219816     
  0.55000000000000004        2.4008750654877073     
  0.56000000000000005        2.4437660700838353     
  0.57000000000000006        2.4867381098406609     
  0.57999999999999996        2.5297964305498466     
  0.58999999999999997        2.5729462574668163     
  0.59999999999999998        2.6161927961048144     
  0.60999999999999999        2.6595412330207875     
  0.62000000000000000        2.7029967365932279     
  0.63000000000000000        2.7465644577921351     
  0.64000000000000001        2.7902495309412316     
  0.65000000000000002        2.8340570744725802     
  0.66000000000000003        2.8779921916737390     
  0.67000000000000004        2.9220599714275939     
  0.68000000000000005        2.9662654889450009     
  0.69000000000000006        3.0106138064903729     
  0.70000000000000007        3.0551099741003416     
  0.70999999999999996        3.0997590302956208     
  0.71999999999999997        3.1445660027862021     
  0.72999999999999998        3.1895359091700008     
  0.73999999999999999        3.2346737576250799     
  0.75000000000000000        3.2799845475955705     
  0.76000000000000001        3.3254732704714036     
  0.77000000000000002        3.3711449102619770     
  0.78000000000000003        3.4170044442638634     
  0.79000000000000004        3.4630568437226783     
  0.80000000000000004        3.5093070744892141     
  0.81000000000000005        3.5557600976699515     
  0.82000000000000006        3.6024208702720557     
  0.83000000000000007        3.6492943458429581     
  0.83999999999999997        3.6963854751046332     
  0.84999999999999998        3.7436992065826660     
  0.85999999999999999        3.7912404872302137     
  0.87000000000000000        3.8390142630469590     
  0.88000000000000000        3.8870254796931500     
  0.89000000000000001        3.9352790830988216     
  0.90000000000000002        3.9837800200682936     
  0.91000000000000003        4.0325332388800339     
  0.92000000000000004        4.0815436898819790     
  0.93000000000000005        4.1308163260823978     
  0.94000000000000006        4.1803561037363881     
  0.95000000000000007        4.2301679829280872     
  0.95999999999999996        4.2802569281486820     
  0.96999999999999997        4.3306279088703050     
  0.97999999999999998        4.3812859001158841     
  0.98999999999999999        4.4322358830250410     
   1.0000000000000000        4.4834828454161029     
   1.0100000000000000        4.5350317823443111     
   1.0200000000000000        4.5868876966562988     
   1.0300000000000000        4.6390555995409066     
   1.0400000000000000        4.6915405110764183     
   1.0500000000000000        4.7443474607742750     
   1.0600000000000001        4.7974814881193435     
   1.0700000000000001        4.8509476431068057     
   1.0800000000000001        4.9047509867757357     
   1.0900000000000001        4.9588965917394239     
   1.1000000000000001        5.0133895427125186     
   1.1100000000000001        5.0682349370350455     
   1.1200000000000001        5.1234378851933577     
   1.1300000000000001        5.1790035113380917     
   1.1400000000000001        5.2349369537991688     
   1.1500000000000001        5.2912433655979161     
   1.1599999999999999        5.3479279149563466     
   1.1699999999999999        5.4049957858036670     
   1.1799999999999999        5.4624521782800546     
   1.1899999999999999        5.5203023092377626     
   1.2000000000000000        5.5785514127395999     
   1.2100000000000000        5.6372047405548349     
   1.2200000000000000        5.6962675626525741     
   1.2300000000000000        5.7557451676926590     
   1.2400000000000000        5.8156428635141264     
   1.2500000000000000        5.8759659776212789     
   1.2600000000000000        5.9367198576674074     
   1.2700000000000000        5.9979098719362050     
   1.2800000000000000        6.0595414098209135     
   1.2900000000000000        6.1216198823012471     
   1.3000000000000000        6.1841507224181207     
   1.3100000000000001        6.2471393857462303     
   1.3200000000000001        6.3105913508645131     
   1.3300000000000001        6.3745121198245265     
   1.3400000000000001        6.4389072186167766     
   1.3500000000000001        6.5037821976350276     
   1.3600000000000001        6.5691426321386261     
   1.3700000000000001        6.6349941227128637     
   1.3800000000000001        6.7013422957274136     
   1.3900000000000001        6.7681928037928643     
   1.4000000000000001        6.8355513262153718     
   1.4099999999999999        6.9034235694494654     
   1.4199999999999999        6.9718152675490206     
   1.4299999999999999        7.0407321826164262     
   1.4399999999999999        7.1101801052499649     
   1.4500000000000000        7.1801648549894290     
   1.4600000000000000        7.2506922807599885     
   1.4700000000000000        7.3217682613143262     
   1.4800000000000000        7.3933987056730626     
   1.4900000000000000        7.4655895535634764     
   1.5000000000000000        7.5383467758565432     
   1.5100000000000000        7.6116763750022987     
   1.5200000000000000        7.6855843854635388     
   1.5300000000000000        7.7600768741478685     
   1.5400000000000000        7.8351599408381070     
   1.5500000000000000        7.9108397186210526     
   1.5600000000000001        7.9871223743146222     
   1.5700000000000001        8.0640141088933621     
   1.5800000000000001        8.1415211579123365     
   1.5900000000000001        8.2196497919293936     
   1.6000000000000001        8.2984063169258224     
   1.6100000000000001        8.3777970747253754     
   1.6200000000000001        8.4578284434116817     
   1.6300000000000001        8.5385068377440341     
   1.6400000000000001        8.6198387095715425     
   1.6500000000000001        8.7018305482456597     
   1.6600000000000001        8.7844888810310664     
   1.6699999999999999        8.8678202735148979     
   1.6799999999999999        8.9518313300143237     
   1.6899999999999999        9.0365286939824561     
   1.7000000000000000        9.1219190484125647     
   1.7100000000000000        9.2080091162406088     
   1.7200000000000000        9.2948056607460536     
   1.7300000000000000        9.3823154859509561     
   1.7400000000000000        9.4705454370173090     
   1.7500000000000000        9.5595024006426179     
   1.7600000000000000        9.6491933054536929     
   1.7700000000000000        9.7396251223986319     
   1.7800000000000000        9.8308048651369671     
   1.7900000000000000        9.9227395904279643     
   1.8000000000000000        10.015436398517027     
   1.8100000000000001        10.108902433520193     
   1.8200000000000001        10.203144883806688     
   1.8300000000000001        10.298170982379506     
   1.8400000000000001        10.393988007253981     
   1.8500000000000001        10.490603281834311     
   1.8600000000000001        10.588024175288023     
   1.8700000000000001        10.686258102918304     
   1.8800000000000001        10.785312526534181     
   1.8900000000000001        10.885194954818514     
   1.9000000000000001        10.985912943693743     
   1.9100000000000001        11.087474096685353     
   1.9199999999999999        11.189886065283014     
   1.9299999999999999        11.293156549299342     
   1.9399999999999999        11.397293297226234     
   1.9500000000000000        11.502304106588728     
   1.9600000000000000        11.608196824296332     
   1.9700000000000000        11.714979346991772     
   1.9800000000000000        11.822659621397088     
   1.9900000000000000        11.931245644657052     
   2.0000000000000000        12.040745464679800     
   2.0100000000000002        12.151167180474667     
   2.0200000000000000        12.262518942487121     
   2.0300000000000002        12.374808952930755     
   2.0400000000000000        12.488045466116251     
   2.0499999999999998        12.602236788777269     
   2.0600000000000001        12.717391280393167     
   2.0699999999999998        12.833517353508492     
   2.0800000000000001        12.950623474049152     
   2.0899999999999999        13.068718161635219     
   2.1000000000000001        13.187809989890257     
   2.1099999999999999        13.307907586747096     
   2.1200000000000001        13.429019634749984     
   2.1299999999999999        13.551154871353026     
   2.1400000000000001        13.674322089214797     
   2.1499999999999999        13.798530136489084     
   2.1600000000000001        13.923787917111628     
   2.1699999999999999        14.050104391082780     
   2.1800000000000002        14.177488574745986     
   2.1899999999999999        14.305949541061992     
   2.2000000000000002        14.435496419878666     
   2.2100000000000000        14.566138398196337     
   2.2200000000000002        14.697884720428549     
   2.2300000000000000        14.830744688658115     
   2.2400000000000002        14.964727662888359     
   2.2500000000000000        15.099843061289445     
   2.2600000000000002        15.236100360439655     
   2.2700000000000000        15.373509095561536     
   2.2800000000000002        15.512078860752737     
   2.2900000000000000        15.651819309211485     
   2.3000000000000003        15.792740153456499     
   2.3100000000000001        15.934851165541291     
   2.3199999999999998        16.078162177262648     
   2.3300000000000001        16.222683080363218     
   2.3399999999999999        16.368423826728044     
   2.3500000000000001        16.515394428574893     
   2.3599999999999999        16.663604958638267     
   2.3700000000000001        16.813065550346931     
   2.3799999999999999        16.963786397994816     
   2.3900000000000001        17.115777756905153     
   2.3999999999999999        17.269049943587678     
   2.4100000000000001        17.423613335888756     
   2.4199999999999999        17.579478373134272     
   2.4300000000000002        17.736655556265113     
   2.4399999999999999        17.895155447965092     
   2.4500000000000002        18.054988672781146     
   2.4600000000000000        18.216165917235617     
   2.4700000000000002        18.378697929930482     
   2.4800000000000000        18.542595521643307     
   2.4900000000000002        18.707869565414796     
   2.5000000000000000        18.874530996627723     
   2.5100000000000002        19.042590813077055     
   2.5200000000000000        19.212060075031118     
   2.5300000000000002        19.382949905283557     
   2.5400000000000000        19.555271489195952     
   2.5500000000000003        19.729036074730853     
   2.5600000000000001        19.904254972475048     
   2.5699999999999998        20.080939555652861     
   2.5800000000000001        20.259101260129270     
   2.5899999999999999        20.438751584402631     
   2.6000000000000001        20.619902089586795     
   2.6099999999999999        20.802564399382408     
   2.6200000000000001        20.986750200037172     
   2.6299999999999999        21.172471240294808     
   2.6400000000000001        21.359739331332570     
   2.6499999999999999        21.548566346686989     
   2.6600000000000001        21.738964222167684     
   2.6699999999999999        21.930944955758953     
   2.6800000000000002        22.124520607508934     
   2.6899999999999999        22.319703299406079     
   2.7000000000000002        22.516505215242692     
   2.7100000000000000        22.714938600465267     
   2.7200000000000002        22.915015762011404     
   2.7300000000000000        23.116749068133000     
   2.7400000000000002        23.320150948205491     
   2.7500000000000000        23.525233892522856     
   2.7600000000000002        23.732010452078100     
   2.7700000000000000        23.940493238328997     
   2.7800000000000002        24.150694922948745     
   2.7900000000000000        24.362628237561285     
   2.8000000000000003        24.576305973461032     
   2.8100000000000001        24.791740981316661     
   2.8199999999999998        25.008946170858696     
   2.8300000000000001        25.227934510550622     
   2.8399999999999999        25.448719027243165     
   2.8500000000000001        25.671312805811507     
   2.8599999999999999        25.895728988775055     
   2.8700000000000001        26.121980775899516     
   2.8799999999999999        26.350081423780921     
   2.8900000000000001        26.580044245411301     
   2.8999999999999999        26.811882609725686     
   2.9100000000000001        27.045609941130095     
   2.9199999999999999        27.281239719010212     
   2.9300000000000002        27.518785477220373     
   2.9399999999999999        27.758260803552560     
   2.9500000000000002        27.999679339185054     
   2.9600000000000000        28.243054778110398     
   2.9700000000000002        28.488400866542321     
   2.9800000000000000        28.735731402301280     
   2.9900000000000002        28.985060234178238     
   3.0000000000000000        29.236401261276374     
   3.0100000000000002        29.489768432330287     
   3.0200000000000000        29.745175745002403     
   3.0300000000000002        30.002637245156148     
   3.0400000000000000        30.262167026105576     
   3.0500000000000003        30.523779227841025     
   3.0600000000000001        30.787488036230446     
   3.0700000000000003        31.053307682196014     
   3.0800000000000001        31.321252440865631     
   3.0899999999999999        31.591336630698958     
   3.1000000000000001        31.863574612587527     
   3.1099999999999999        32.137980788928594     
   3.1200000000000001        32.414569602672294     
   3.1299999999999999        32.693355536341706     
   3.1400000000000001        32.974353111025437     
   3.1499999999999999        33.257576885342296     
   3.1600000000000001        33.543041454377658     
   3.1699999999999999        33.830761448591069     
   3.1800000000000002        34.120751532694747     
   3.1899999999999999        34.413026404502482     
   3.2000000000000002        34.707600793748540     
   3.2100000000000000        35.004489460876179     
   3.2200000000000002        35.303707195795290     
   3.2300000000000000        35.605268816608749     
   3.2400000000000002        35.909189168307101     
   3.2500000000000000        36.215483121431056     
   3.2600000000000002        36.524165570701413     
   3.2700000000000000        36.835251433615980     
   3.2800000000000002        37.148755649012983     
   3.2900000000000000        37.464693175600615     
   3.3000000000000003        37.783078990452196     
   3.3100000000000001        38.103928087466542     
   3.3200000000000003        38.427255475793096     
   3.3300000000000001        38.753076178221342     
   3.3399999999999999        39.081405229534091     
   3.3500000000000001        39.412257674824154     
   3.3599999999999999        39.745648567773962     
   3.3700000000000001        40.081592968897695     
   3.3799999999999999        40.420105943745426     
   3.3900000000000001        40.761202561068878     
   3.3999999999999999        41.104897890948308     
   3.4100000000000001        41.451207002880061     
   3.4199999999999999        41.800144963824359     
   3.4300000000000002        42.151726836212852     
   3.4399999999999999        42.505967675915500     
   3.4500000000000002        42.862882530166310     
   3.4600000000000000        43.222486435447479     
   3.4700000000000002        43.584794415331523     
   3.4800000000000000        43.949821478280917     
   3.4900000000000002        44.317582615404774     
   3.5000000000000000        44.688092798172185     
   3.5100000000000002        45.061366976081707     
   3.5200000000000000        45.437420074286599     
   3.5300000000000002        45.816266991175361     
   3.5400000000000000        46.197922595907123     
   3.5500000000000003        46.582401725901470     
   3.5600000000000001        46.969719184282269     
   3.5700000000000003        47.359889737275061     
   3.5800000000000001        47.752928111557623     
   3.5899999999999999        48.148848991563227     
   3.6000000000000001        48.547667016736277     
   3.6099999999999999        48.949396778739789     
   3.6200000000000001        49.354052818614441     
   3.6299999999999999        49.761649623888694     
   3.6400000000000001        50.172201625639673     
   3.6499999999999999        50.585723195504322     
   3.6600000000000001        51.002228642640574     
   3.6699999999999999        51.421732210638076     
   3.6800000000000002        51.844248074378115     
   3.6899999999999999        52.269790336842441     
   3.7000000000000002        52.698373025870566     
   3.7100000000000000        53.130010090865255     
   3.7200000000000002        53.564715399445845     
   3.7300000000000000        54.002502734049074     
   3.7400000000000002        54.443385788477109     
   3.7500000000000000        54.887378164392494     
   3.7600000000000002        55.334493367759656     
   3.7700000000000000        55.784744805232791     
   3.7800000000000002        56.238145780489745     
   3.7900000000000000        56.694709490511741     
   3.8000000000000003        57.154449021808610     
   3.8100000000000001        57.617377346589350     
   3.8200000000000003        58.083507318877793     
   3.8300000000000001        58.552851670573141     
   3.8399999999999999        59.025423007455203     
   3.8500000000000001        59.501233805134142     
   3.8599999999999999        59.980296404944596     
   3.8700000000000001        60.462623009784011     
   3.8799999999999999        60.948225679895010     
   3.8900000000000001        61.437116328591792     
   3.8999999999999999        61.929306717930373     
   3.9100000000000001        62.424808454322630     
   3.9199999999999999        62.923632984094070     
   3.9300000000000002        63.425791588985327     
   3.9399999999999999        63.931295381597323     
   3.9500000000000002        64.440155300780120     
   3.9600000000000000        64.952382106965487     
   3.9700000000000002        65.467986377443182     
   3.9800000000000000        65.986978501581092     
   3.9900000000000002        66.509368675989307     
   4.0000000000000000        67.035166899628109     
