   0.0000000000000000        500.00000000000000     
   1.0000000000000000E-002   499.95249999999999     
   2.0000000000000000E-002   499.90512372617360     
   2.9999999999999999E-002   499.85786406614000     
   4.0000000000000001E-002   499.81071396612595     
   5.0000000000000003E-002   499.76366642964865     
   5.9999999999999998E-002   499.71671451621540     
   7.0000000000000007E-002   499.66985134004011     
   8.0000000000000002E-002   499.62307006877592     
   8.9999999999999997E-002   499.57636392226397     
  0.10000000000000001        499.52972617129797     
  0.11000000000000000        499.48315013640399     
  0.12000000000000000        499.43662918663574     
  0.13000000000000000        499.39015673838446     
  0.14000000000000001        499.34372625420372     
  0.14999999999999999        499.29733124164824     
  0.16000000000000000        499.25096525212695     
  0.17000000000000001        499.20462187977006     
  0.17999999999999999        499.15829476030945     
  0.19000000000000000        499.11197756997240     
  0.20000000000000001        499.06566402438858     
  0.20999999999999999        499.01934787750963     
  0.22000000000000000        498.97302292054161     
  0.23000000000000001        498.92668298088961     
  0.23999999999999999        498.88032192111450     
  0.25000000000000000        498.83393363790168     
  0.26000000000000001        498.78751206104141     
  0.27000000000000002        498.74105115242082     
  0.28000000000000003        498.69454490502676     
  0.28999999999999998        498.64798734196012     
  0.29999999999999999        498.60137251546070     
  0.31000000000000000        498.55469450594285     
  0.32000000000000001        498.50794742104131     
  0.33000000000000002        498.46112539466765     
  0.34000000000000002        498.41422258607639     
  0.35000000000000003        498.36723317894104     
  0.35999999999999999        498.32015138043982     
  0.37000000000000000        498.27297142035104     
  0.38000000000000000        498.22568755015726     
  0.39000000000000001        498.17829404215905     
  0.40000000000000002        498.13078518859749     
  0.41000000000000003        498.08315530078517     
  0.41999999999999998        498.03539870824619     
  0.42999999999999999        497.98750975786430     
  0.44000000000000000        497.93948281303932     
  0.45000000000000001        497.89131225285161     
  0.46000000000000002        497.84299247123465     
  0.47000000000000003        497.79451787615506     
  0.47999999999999998        497.74588288880051     
  0.48999999999999999        497.69708194277496     
  0.50000000000000000        497.64810948330103     
  0.51000000000000001        497.59895996642996     
  0.52000000000000002        497.54962785825808     
  0.53000000000000003        497.50010763415048     
  0.54000000000000004        497.45039377797133     
  0.55000000000000004        497.40048078132054     
  0.56000000000000005        497.35036314277727     
  0.57000000000000006        497.30003536714952     
  0.57999999999999996        497.24949196472971     
  0.58999999999999997        497.19872745055682     
  0.59999999999999998        497.14773634368385     
  0.60999999999999999        497.09651316645159     
  0.62000000000000000        497.04505244376776     
  0.63000000000000000        496.99334870239170     
  0.64000000000000001        496.94139647022467     
  0.65000000000000002        496.88919027560519     
  0.66000000000000003        496.83672464660987     
  0.67000000000000004        496.78399411035906     
  0.68000000000000005        496.73099319232767     
  0.69000000000000006        496.67771641566060     
  0.70000000000000007        496.62415830049309     
  0.70999999999999996        496.57031336327577     
  0.71999999999999997        496.51617611610402     
  0.72999999999999998        496.46174106605184     
  0.73999999999999999        496.40700271451016     
  0.75000000000000000        496.35195555652922     
  0.76000000000000001        496.29659408016511     
  0.77000000000000002        496.24091276583039     
  0.78000000000000003        496.18490608564861     
  0.79000000000000004        496.12856850281258     
  0.80000000000000004        496.07189447094646     
  0.81000000000000005        496.01487843347149     
  0.82000000000000006        495.95751482297538     
  0.83000000000000007        495.89979806058494     
  0.83999999999999997        495.84172255534230     
  0.84999999999999998        495.78328270358418     
  0.85999999999999999        495.72447288832484     
  0.87000000000000000        495.66528747864152     
  0.88000000000000000        495.60572082906356     
  0.89000000000000001        495.54576727896404     
  0.90000000000000002        495.48542115195443     
  0.91000000000000003        495.42467675528229     
  0.92000000000000004        495.36352837923130     
  0.93000000000000005        495.30197029652436     
  0.94000000000000006        495.23999676172889     
  0.95000000000000007        495.17760201066494     
  0.95999999999999996        495.11478025981575     
  0.96999999999999997        495.05152570574040     
  0.97999999999999998        494.98783252448914     
  0.98999999999999999        494.92369487102064     
   1.0000000000000000        494.85910687862167     
   1.0100000000000000        494.79406265832876     
   1.0200000000000000        494.72855629835192     
   1.0300000000000000        494.66258186350035     
   1.0400000000000000        494.59613339461021     
   1.0500000000000000        494.52920490797402     
   1.0600000000000001        494.46179039477204     
   1.0700000000000001        494.39388382050532     
   1.0800000000000001        494.32547912443061     
   1.0900000000000001        494.25657021899673     
   1.1000000000000001        494.18715098928249     
   1.1100000000000001        494.11721529243641     
   1.1200000000000001        494.04675695711762     
   1.1300000000000001        493.97576978293847     
   1.1400000000000001        493.90424753990828     
   1.1500000000000001        493.83218396787862     
   1.1599999999999999        493.75957277598974     
   1.1699999999999999        493.68640764211841     
   1.1799999999999999        493.61268221232677     
   1.1899999999999999        493.53839010031243     
   1.2000000000000000        493.46352488685977     
   1.2100000000000000        493.38808011929217     
   1.2200000000000000        493.31204931092537     
   1.2300000000000000        493.23542594052168     
   1.2400000000000000        493.15820345174546     
   1.2500000000000000        493.08037525261915     
   1.2600000000000000        493.00193471498039     
   1.2700000000000000        492.92287517394004     
   1.2800000000000000        492.84318992734080     
   1.2900000000000000        492.76287223521689     
   1.3000000000000000        492.68191531925430     
   1.3100000000000001        492.60031236225171     
   1.3200000000000001        492.51805650758234     
   1.3300000000000001        492.43514085865621     
   1.3400000000000001        492.35155847838331     
   1.3500000000000001        492.26730238863701     
   1.3600000000000001        492.18236556971851     
   1.3700000000000001        492.09674095982155     
   1.3800000000000001        492.01042145449765     
   1.3900000000000001        491.92339990612203     
   1.4000000000000001        491.83566912336011     
   1.4099999999999999        491.74722187063412     
   1.4199999999999999        491.65805086759053     
   1.4299999999999999        491.56814878856778     
   1.4399999999999999        491.47750826206459     
   1.4500000000000000        491.38612187020834     
   1.4600000000000000        491.29398214822425     
   1.4700000000000000        491.20108158390480     
   1.4800000000000000        491.10741261707949     
   1.4900000000000000        491.01296763908499     
   1.5000000000000000        490.91773899223568     
   1.5100000000000000        490.82171896929458     
   1.5200000000000000        490.72489981294456     
   1.5300000000000000        490.62727371526000     
   1.5400000000000000        490.52883281717857     
   1.5500000000000000        490.42956920797371     
   1.5600000000000001        490.32947492472709     
   1.5700000000000001        490.22854195180167     
   1.5800000000000001        490.12676222031496     
   1.5900000000000001        490.02412760761257     
   1.6000000000000001        489.92062993674244     
   1.6100000000000001        489.81626097592897     
   1.6200000000000001        489.71101243804776     
   1.6300000000000001        489.60487598010076     
   1.6400000000000001        489.49784320269163     
   1.6500000000000001        489.38990564950171     
   1.6600000000000001        489.28105480676606     
   1.6699999999999999        489.17128210275035     
   1.6799999999999999        489.06057890722764     
   1.6899999999999999        488.94893653095619     
   1.7000000000000000        488.83634622515717     
   1.7100000000000000        488.72279918099343     
   1.7200000000000000        488.60828652904809     
   1.7300000000000000        488.49279933880433     
   1.7400000000000000        488.37632861812529     
   1.7500000000000000        488.25886531273454     
   1.7600000000000000        488.14040030569754     
   1.7700000000000000        488.02092441690320     
   1.7800000000000000        487.90042840254642     
   1.7900000000000000        487.77890295461134     
   1.8000000000000000        487.65633870035509     
   1.8100000000000001        487.53272620179240     
   1.8200000000000001        487.40805595518100     
   1.8300000000000001        487.28231839050790     
   1.8400000000000001        487.15550387097647     
   1.8500000000000001        487.02760269249433     
   1.8600000000000001        486.89860508316229     
   1.8700000000000001        486.76850120276441     
   1.8800000000000001        486.63728114225876     
   1.8900000000000001        486.50493492326956     
   1.9000000000000001        486.37145249758032     
   1.9100000000000001        486.23682374662820     
   1.9199999999999999        486.10103848099953     
   1.9299999999999999        485.96408643992669     
   1.9399999999999999        485.82595729078639     
   1.9500000000000000        485.68664062859926     
   1.9600000000000000        485.54612597553080     
   1.9700000000000000        485.40440278039421     
   1.9800000000000000        485.26146041815446     
   1.9900000000000000        485.11728818943408     
   2.0000000000000000        484.97187532002090     
   2.0100000000000002        484.82521096037732     
   2.0200000000000000        484.67728418515162     
   2.0300000000000002        484.52808399269111     
   2.0400000000000000        484.37759930455729     
   2.0499999999999998        484.22581896504329     
   2.0600000000000001        484.07273174069314     
   2.0699999999999998        483.91832631982385     
   2.0800000000000001        483.76259131204915     
   2.0899999999999999        483.60551524780618     
   2.1000000000000001        483.44708657788465     
   2.1099999999999999        483.28729367295824     
   2.1200000000000001        483.12612482311926     
   2.1299999999999999        482.96356823741564     
   2.1400000000000001        482.79961204339111     
   2.1499999999999999        482.63424428662830     
   2.1600000000000001        482.46745293029494     
   2.1699999999999999        482.29922585469330     
   2.1800000000000002        482.12955085681295     
   2.1899999999999999        481.95841564988694     
   2.2000000000000002        481.78580786295169     
   2.2100000000000000        481.61171504041016     
   2.2200000000000002        481.43612464159941     
   2.2300000000000000        481.25902404036134     
   2.2400000000000002        481.08040052461826     
   2.2500000000000000        480.90024129595190     
   2.2600000000000002        480.71853346918721     
   2.2700000000000000        480.53526407198041     
   2.2800000000000002        480.35042004441158     
   2.2900000000000000        480.16398823858196     
   2.3000000000000003        479.97595541821624     
   2.3100000000000001        479.78630825826957     
   2.3199999999999998        479.59503334453996     
   2.3300000000000001        479.40211717328583     
   2.3399999999999999        479.20754615084911     
   2.3500000000000001        479.01130659328379     
   2.3599999999999999        478.81338472599043     
   2.3700000000000001        478.61376668335629     
   2.3799999999999999        478.41243850840186     
   2.3900000000000001        478.20938615243358     
   2.3999999999999999        478.00459547470280     
   2.4100000000000001        477.79805224207149     
   2.4199999999999999        477.58974212868497     
   2.4300000000000002        477.37965071565100     
   2.4399999999999999        477.16776349072666     
   2.4500000000000002        476.95406584801225     
   2.4600000000000000        476.73854308765272     
   2.4700000000000002        476.52118041554695     
   2.4800000000000000        476.30196294306506     
   2.4900000000000002        476.08087568677342     
   2.5000000000000000        475.85790356816858     
   2.5100000000000002        475.63303141341942     
   2.5200000000000000        475.40624395311801     
   2.5300000000000002        475.17752582203974     
   2.5400000000000000        474.94686155891242     
   2.5500000000000003        474.71423560619502     
   2.5600000000000001        474.47963230986591     
   2.5699999999999998        474.24303591922092     
   2.5800000000000001        474.00443058668202     
   2.5899999999999999        473.76380036761566     
   2.6000000000000001        473.52112922016244     
   2.6099999999999999        473.27640100507716     
   2.6200000000000001        473.02959948558026     
   2.6299999999999999        472.78070832722051     
   2.6400000000000001        472.52971109774944     
   2.6499999999999999        472.27659126700769     
   2.6600000000000001        472.02133220682344     
   2.6699999999999999        471.76391719092345     
   2.6800000000000002        471.50432939485665     
   2.6899999999999999        471.24255189593089     
   2.7000000000000002        470.97856767316307     
   2.7100000000000000        470.71235960724260     
   2.7200000000000002        470.44391048050909     
   2.7300000000000000        470.17320297694386     
   2.7400000000000002        469.90021968217627     
   2.7500000000000000        469.62494308350483     
   2.7600000000000002        469.34735556993309     
   2.7700000000000000        469.06743943222142     
   2.7800000000000002        468.78517686295430     
   2.7900000000000000        468.50054995662367     
   2.8000000000000003        468.21354070972887     
   2.8100000000000001        467.92413102089313     
   2.8199999999999998        467.63230269099734     
   2.8300000000000001        467.33803742333112     
   2.8399999999999999        467.04131682376180     
   2.8500000000000001        466.74212240092146     
   2.8599999999999999        466.44043556641242     
   2.8700000000000001        466.13623763503176     
   2.8799999999999999        465.82950982501490     
   2.8900000000000001        465.52023325829896     
   2.8999999999999999        465.20838896080591     
   2.9100000000000001        464.89395786274622     
   2.9199999999999999        464.57692079894332     
   2.9300000000000002        464.25725850917894     
   2.9399999999999999        463.93495163856034     
   2.9500000000000002        463.60998073790915     
   2.9600000000000000        463.28232626417287     
   2.9700000000000002        462.95196858085882     
   2.9800000000000000        462.61888795849154     
   2.9900000000000002        462.28306457509365     
   3.0000000000000000        461.94447851669065     
   3.0100000000000002        461.60310977784030     
   3.0200000000000000        461.25893826218686     
   3.0300000000000002        460.91194378304067     
   3.0400000000000000        460.56210606398332     
   3.0500000000000003        460.20940473949929     
   3.0600000000000001        459.85381935563407     
   3.0700000000000003        459.49532937067943     
   3.0800000000000001        459.13391415588637     
   3.0899999999999999        458.76955299620602     
   3.1000000000000001        458.40222509105905     
   3.1099999999999999        458.03190955513412     
   3.1200000000000001        457.65858541921574     
   3.1299999999999999        457.28223163104229     
   3.1400000000000001        456.90282705619416     
   3.1499999999999999        456.52035047901313     
   3.1600000000000001        456.13478060355288     
   3.1699999999999999        455.74609605456180     
   3.1800000000000002        455.35427537849785     
   3.1899999999999999        454.95929704457672     
   3.2000000000000002        454.56113944585309     
   3.2100000000000000        454.15978090033627     
   3.2200000000000002        453.75519965213994     
   3.2300000000000000        453.34737387266716     
   3.2400000000000002        452.93628166183083     
   3.2500000000000000        452.52190104931026     
   3.2600000000000002        452.10420999584437     
   3.2700000000000000        451.68318639456197     
   3.2800000000000002        451.25880807234978     
   3.2900000000000000        450.83105279125863     
   3.3000000000000003        450.39989824994848     
   3.3100000000000001        449.96532208517289     
   3.3200000000000003        449.52730187330309     
   3.3300000000000001        449.08581513189273     
   3.3399999999999999        448.64083932128352     
   3.3500000000000001        448.19235184625256     
   3.3599999999999999        447.74033005770156     
   3.3700000000000001        447.28475125438882     
   3.3799999999999999        446.82559268470470     
   3.3900000000000001        446.36283154849059     
   3.3999999999999999        445.89644499890233     
   3.4100000000000001        445.42641014431882     
   3.4199999999999999        444.95270405029584     
   3.4300000000000002        444.47530374156622     
   3.4399999999999999        443.99418620408659     
   3.4500000000000002        443.50932838713129     
   3.4600000000000000        443.02070720543435     
   3.4700000000000002        442.52829954137962     
   3.4800000000000000        442.03208224724006     
   3.4900000000000002        441.53203214746657     
   3.5000000000000000        441.02812604102678     
   3.5100000000000002        440.52034070379477     
   3.5200000000000000        440.00865289099187     
   3.5300000000000002        439.49303933967951     
   3.5400000000000000        438.97347677130432     
   3.5500000000000003        438.44994189429627     
   3.5600000000000001        437.92241140672053     
   3.5700000000000003        437.39086199898304     
   3.5800000000000001        436.85527035659129     
   3.5899999999999999        436.31561316296990     
   3.6000000000000001        435.77186710233224     
   3.6099999999999999        435.22400886260834     
   3.6200000000000001        434.67201513842969     
   3.6299999999999999        434.11586263417138     
   3.6400000000000001        433.55552806705248     
   3.6499999999999999        432.99098817029466     
   3.6600000000000001        432.42221969633994     
   3.6699999999999999        431.84919942012812     
   3.6800000000000002        431.27190414243404     
   3.6899999999999999        430.69031069326581     
   3.7000000000000002        430.10439593532379     
   3.7100000000000000        429.51413676752122     
   3.7200000000000002        428.91951012856714     
   3.7300000000000000        428.32049300061158     
   3.7400000000000002        427.71706241295408     
   3.7500000000000000        427.10919544581537     
   3.7600000000000002        426.49686923417340     
   3.7700000000000000        425.88006097166334     
   3.7800000000000002        425.25874791454265     
   3.7900000000000000        424.63290738572135     
   3.8000000000000003        424.00251677885802     
   3.8100000000000001        423.36755356252166     
   3.8200000000000003        422.72799528441999     
   3.8300000000000001        422.08381957569480     
   3.8399999999999999        421.43500415528433     
   3.8500000000000001        420.78152683435297     
   3.8599999999999999        420.12336552078904     
   3.8700000000000001        419.46049822377074     
   3.8799999999999999        418.79290305840027     
   3.8900000000000001        418.12055825040699     
   3.8999999999999999        417.44344214091933     
   3.9100000000000001        416.76153319130611     
   3.9199999999999999        416.07480998808717     
   3.9300000000000002        415.38325124791379     
   3.9399999999999999        414.68683582261895     
   3.9500000000000002        413.98554270433755     
   3.9600000000000000        413.27935103069683     
   3.9700000000000002        412.56824009007715     
   3.9800000000000000        411.85218932694312     
   3.9900000000000002        411.13117834724517     
   4.0000000000000000        410.40518692389162     
