   0.0000000000000000        0.0000000000000000     
   1.0000000000000000E-002   2.5000000000000001E-003
   2.0000000000000000E-002   4.9934856061249998E-003
   2.9999999999999999E-002   7.4808311611727490E-003
   4.0000000000000001E-002   9.9624079229547712E-003
   5.0000000000000003E-002   1.2438584133625526E-002
   5.9999999999999998E-002   1.4909725088119706E-002
   7.0000000000000007E-002   1.7376193201713928E-002
   8.0000000000000002E-002   1.9838348076728754E-002
   8.9999999999999997E-002   2.2296546568386720E-002
  0.10000000000000001        2.4751142849841791E-002
  0.11000000000000000        2.7202488476395354E-002
  0.12000000000000000        2.9650932448913665E-002
  0.13000000000000000        3.2096821276461351E-002
  0.14000000000000001        3.4540499038165334E-002
  0.14999999999999999        3.6982307444323348E-002
  0.16000000000000000        3.9422585896770876E-002
  0.17000000000000001        4.1861671548520246E-002
  0.17999999999999999        4.4299899362685205E-002
  0.19000000000000000        4.6737602170704259E-002
  0.20000000000000001        4.9175110729875730E-002
  0.20999999999999999        5.1612753780217228E-002
  0.22000000000000000        5.4050858100662187E-002
  0.23000000000000001        5.6489748564605702E-002
  0.23999999999999999        5.8929748194811851E-002
  0.25000000000000000        6.1371178217694410E-002
  0.26000000000000001        6.3814358116982703E-002
  0.27000000000000002        6.6259605686784115E-002
  0.28000000000000003        6.8707237084054559E-002
  0.28999999999999998        7.1157566880488216E-002
  0.29999999999999999        7.3610908113837276E-002
  0.31000000000000000        7.6067572338672729E-002
  0.32000000000000001        7.8527869676596626E-002
  0.33000000000000002        8.0992108865916360E-002
  0.34000000000000002        8.3460597310791224E-002
  0.35000000000000003        8.5933641129861307E-002
  0.35999999999999999        8.8411545204368766E-002
  0.37000000000000000        9.0894613225781087E-002
  0.38000000000000000        9.3383147742926192E-002
  0.39000000000000001        9.5877450208648615E-002
  0.40000000000000002        9.8377821025996265E-002
  0.41000000000000003       0.10088455959394678     
  0.41999999999999998       0.10339796435268261     
  0.42999999999999999       0.10591833282842365     
  0.44000000000000000       0.10844596167782611     
  0.45000000000000001       0.11098114673195630     
  0.46000000000000002       0.11352418303984776     
  0.47000000000000003       0.11607536491164995     
  0.47999999999999998       0.11863498596137685     
  0.48999999999999999       0.12120333914926341     
  0.50000000000000000       0.12378071682373783     
  0.51000000000000001       0.12636741076301738     
  0.52000000000000002       0.12896371221633562     
  0.53000000000000003       0.13156991194480841     
  0.54000000000000004       0.13418630026194611     
  0.55000000000000004       0.13681316707381955     
  0.56000000000000005       0.13945080191888665     
  0.57000000000000006       0.14209949400748698     
  0.57999999999999996       0.14475953226101121     
  0.58999999999999997       0.14743120535075221     
  0.59999999999999998       0.15011480173644468     
  0.60999999999999999       0.15281060970449986     
  0.62000000000000000       0.15551891740594198     
  0.63000000000000000       0.15824001289405276     
  0.64000000000000001       0.16097418416173037     
  0.65000000000000002       0.16372171917856912     
  0.66000000000000003       0.16648290592766590     
  0.67000000000000004       0.16925803244215956     
  0.68000000000000005       0.17204738684150903     
  0.69000000000000006       0.17485125736751611     
  0.70000000000000007       0.17766993242009876     
  0.70999999999999996       0.18050370059282037     
  0.71999999999999997       0.18335285070818066     
  0.72999999999999998       0.18621767185267390     
  0.73999999999999999       0.18909845341161949     
  0.75000000000000000       0.19199548510377037     
  0.76000000000000001       0.19490905701570468     
  0.77000000000000002       0.19783945963600547     
  0.78000000000000003       0.20078698388923369     
  0.79000000000000004       0.20375192116969953     
  0.80000000000000004       0.20673456337503679     
  0.81000000000000005       0.20973520293958520     
  0.82000000000000006       0.21275413286758546     
  0.83000000000000007       0.21579164676619156     
  0.83999999999999997       0.21884803887830512     
  0.84999999999999998       0.22192360411523598     
  0.85999999999999999       0.22501863808919378     
  0.87000000000000000       0.22813343714561460     
  0.88000000000000000       0.23126829839532717     
  0.89000000000000001       0.23442351974656270     
  0.90000000000000002       0.23759939993681251     
  0.91000000000000003       0.24079623856453755     
  0.92000000000000004       0.24401433612073375     
  0.93000000000000005       0.24725399402035719     
  0.94000000000000006       0.25051551463361277     
  0.95000000000000007       0.25379920131711053     
  0.95999999999999996       0.25710535844489285     
  0.96999999999999997       0.26043429143933650     
  0.97999999999999998       0.26378630680193316     
  0.98999999999999999       0.26716171214395162     
   1.0000000000000000       0.27056081621698552     
   1.0100000000000000       0.27398392894338952     
   1.0200000000000000       0.27743136144660779     
   1.0300000000000000       0.28090342608139751     
   1.0400000000000000       0.28440043646395102     
   1.0500000000000000       0.28792270750191956     
   1.0600000000000001       0.29147055542434164     
   1.0700000000000001       0.29504429781147906     
   1.0800000000000001       0.29864425362456365     
   1.0900000000000001       0.30227074323545733     
   1.1000000000000001       0.30592408845622870     
   1.1100000000000001       0.30960461256864863     
   1.1200000000000001       0.31331264035360756     
   1.1300000000000001       0.31704849812045749     
   1.1400000000000001       0.32081251373628050     
   1.1500000000000001       0.32460501665508729     
   1.1599999999999999       0.32842633794694742     
   1.1699999999999999       0.33227681032705397     
   1.1799999999999999       0.33615676818472512     
   1.1899999999999999       0.34006654761234439     
   1.2000000000000000       0.34400648643424253     
   1.2100000000000000       0.34797692423552246     
   1.2200000000000000       0.35197820239083000     
   1.2300000000000000       0.35601066409307197     
   1.2400000000000000       0.36007465438208397     
   1.2500000000000000       0.36417052017324963     
   1.2600000000000000       0.36829861028607319     
   1.2700000000000000       0.37245927547270730     
   1.2800000000000000       0.37665286844643775     
   1.2900000000000000       0.38087974391012691     
   1.3000000000000000       0.38514025858461726     
   1.3100000000000001       0.38943477123709713     
   1.3200000000000001       0.39376364270942954     
   1.3300000000000001       0.39812723594644611     
   1.3400000000000001       0.40252591602420706     
   1.3500000000000001       0.40696005017822917     
   1.3600000000000001       0.41143000783168221     
   1.3700000000000001       0.41593616062355598     
   1.3800000000000001       0.42047888243679837     
   1.3900000000000001       0.42505854942642601     
   1.4000000000000001       0.42967554004760850     
   1.4099999999999999       0.43433023508372687     
   1.4199999999999999       0.43902301767440788     
   1.4299999999999999       0.44375427334353429     
   1.4399999999999999       0.44852439002723243     
   1.4500000000000000       0.45333375810183762     
   1.4600000000000000       0.45818277041183819     
   1.4700000000000000       0.46307182229779875     
   1.4800000000000000       0.46800131162426317     
   1.4900000000000000       0.47297163880763787     
   1.5000000000000000       0.47798320684405582     
   1.5100000000000000       0.48303642133722191     
   1.5200000000000000       0.48813169052623934     
   1.5300000000000000       0.49326942531341805     
   1.5400000000000000       0.49845003929206494     
   1.5500000000000000       0.50367394877425609     
   1.5600000000000001       0.50894157281859098     
   1.5700000000000001       0.51425333325792888     
   1.5800000000000001       0.51960965472710730     
   1.5900000000000001       0.52501096469064212     
   1.6000000000000001       0.53045769347040961     
   1.6100000000000001       0.53595027427330966     
   1.6200000000000001       0.54148914321890984     
   1.6300000000000001       0.54707473936707085     
   1.6400000000000001       0.55270750474555108     
   1.6500000000000001       0.55838788437759168     
   1.6600000000000001       0.56411632630947994     
   1.6699999999999999       0.56989328163809139     
   1.6799999999999999       0.57571920453840897     
   1.6899999999999999       0.58159455229101964     
   1.7000000000000000       0.58751978530958548     
   1.7100000000000000       0.59349536716829099     
   1.7200000000000000       0.59952176462926265     
   1.7300000000000000       0.60559944766996243     
   1.7400000000000000       0.61172888951055127     
   1.7500000000000000       0.61791056664122368     
   1.7600000000000000       0.62414495884951027     
   1.7700000000000000       0.63043254924754777     
   1.7800000000000000       0.63677382429931462     
   1.7900000000000000       0.64316927384783051     
   1.8000000000000000       0.64961939114231837     
   1.8100000000000001       0.65612467286532672     
   1.8200000000000001       0.66268561915981083     
   1.8300000000000001       0.66930273365617021     
   1.8400000000000001       0.67597652349924131     
   1.8500000000000001       0.68270749937524233     
   1.8600000000000001       0.68949617553866815     
   1.8700000000000001       0.69634306983913385     
   1.8800000000000001       0.70324870374816284     
   1.8900000000000001       0.71021360238591913     
   1.9000000000000001       0.71723829454787913     
   1.9100000000000001       0.72432331273144190     
   1.9199999999999999       0.73146919316247394     
   1.9299999999999999       0.73867647582178642     
   1.9399999999999999       0.74594570447154129     
   1.9500000000000000       0.75327742668158360     
   1.9600000000000000       0.76067219385569684     
   1.9700000000000000       0.76813056125777768     
   1.9800000000000000       0.77565308803792676     
   1.9900000000000000       0.78324033725845299     
   2.0000000000000000       0.79089287591978596     
   2.0100000000000002       0.79861127498629458     
   2.0200000000000000       0.80639610941200723     
   2.0300000000000002       0.81424795816622919     
   2.0400000000000000       0.82216740425905455     
   2.0499999999999998       0.83015503476676678     
   2.0600000000000001       0.83821144085712540     
   2.0699999999999998       0.84633721781453297     
   2.0800000000000001       0.85453296506507903     
   2.0899999999999999       0.86279928620145541     
   2.1000000000000001       0.87113678900773917     
   2.1099999999999999       0.87954608548403734     
   2.1200000000000001       0.88802779187098901     
   2.1299999999999999       0.89658252867412003     
   2.1400000000000001       0.90521092068804421     
   2.1499999999999999       0.91391359702050634     
   2.1600000000000001       0.92269119111626152     
   2.1699999999999999       0.93154434078078452     
   2.1800000000000002       0.94047368820380473     
   2.1899999999999999       0.94947987998265915     
   2.2000000000000002       0.95856356714545921     
   2.2100000000000000       0.96772540517406325     
   2.2200000000000002       0.97696605402685077     
   2.2300000000000000       0.98628617816128938     
   2.2400000000000002       0.99568644655629057     
   2.2500000000000000        1.0051675327343450     
   2.2600000000000002        1.0147301147834322     
   2.2700000000000000        1.0243748753786979     
   2.2800000000000002        1.0341025018038896     
   2.2900000000000000        1.0439136859725457     
   2.3000000000000003        1.0538091244489289     
   2.3100000000000001        1.0637895184686976     
   2.3199999999999998        1.0738555739593065     
   2.3300000000000001        1.0840080015601283     
   2.3399999999999999        1.0942475166422896     
   2.3500000000000001        1.1045748393282124     
   2.3599999999999999        1.1149906945108514     
   2.3700000000000001        1.1254958118726202     
   2.3799999999999999        1.1360909259039969     
   2.3900000000000001        1.1467767759218004     
   2.3999999999999999        1.1575541060871279     
   2.4100000000000001        1.1684236654229447     
   2.4199999999999999        1.1793862078313171     
   2.4300000000000002        1.1904424921102779     
   2.4399999999999999        1.2015932819703159     
   2.4500000000000002        1.2128393460504778     
   2.4600000000000000        1.2241814579340748     
   2.4700000000000002        1.2356203961639802     
   2.4800000000000000        1.2471569442575106     
   2.4900000000000002        1.2587918907208786     
   2.5000000000000000        1.2705260290632059     
   2.5100000000000002        1.2823601578100856     
   2.5200000000000000        1.2942950805166837     
   2.5300000000000002        1.3063316057803664     
   2.5400000000000000        1.3184705472528433     
   2.5500000000000003        1.3307127236518130     
   2.5600000000000001        1.3430589587721007     
   2.5699999999999998        1.3555100814962737     
   2.5800000000000001        1.3680669258047238     
   2.5899999999999999        1.3807303307852030     
   2.6000000000000001        1.3935011406418003     
   2.6099999999999999        1.4063802047033447     
   2.6200000000000001        1.4193683774312245     
   2.6299999999999999        1.4324665184266050     
   2.6400000000000001        1.4456754924370352     
   2.6499999999999999        1.4589961693624256     
   2.6600000000000001        1.4724294242603855     
   2.6699999999999999        1.4859761373509046     
   2.6800000000000002        1.4996371940203637     
   2.6899999999999999        1.5134134848248606     
   2.7000000000000002        1.5273059054928357     
   2.7100000000000000        1.5413153569269809     
   2.7200000000000002        1.5554427452054185     
   2.7300000000000000        1.5696889815821322     
   2.7400000000000002        1.5840549824866357     
   2.7500000000000000        1.5985416695228607     
   2.7600000000000002        1.6131499694672511     
   2.7700000000000000        1.6278808142660424     
   2.7800000000000002        1.6427351410317135     
   2.7900000000000000        1.6577138920385912     
   2.8000000000000003        1.6728180147175897     
   2.8100000000000001        1.6880484616500699     
   2.8199999999999998        1.7034061905607976     
   2.8300000000000001        1.7188921643099846     
   2.8399999999999999        1.7345073508843942     
   2.8500000000000001        1.7502527233874898     
   2.8599999999999999        1.7661292600286116     
   2.8700000000000001        1.7821379441111600     
   2.8799999999999999        1.7982797640197659     
   2.8900000000000001        1.8145557132064303     
   2.8999999999999999        1.8309667901756110     
   2.9100000000000001        1.8475139984682383     
   2.9199999999999999        1.8641983466446379     
   2.9300000000000002        1.8810208482663411     
   2.9399999999999999        1.8979825218767614     
   2.9500000000000002        1.9150843909807160     
   2.9600000000000000        1.9323274840227718     
   2.9700000000000002        1.9497128343643921     
   2.9800000000000000        1.9672414802598659     
   2.9900000000000002        1.9849144648309927     
   3.0000000000000000        2.0027328360405061     
   3.0100000000000002        2.0206976466642081     
   3.0200000000000000        2.0388099542617963     
   3.0300000000000002        2.0570708211463562     
   3.0400000000000000        2.0754813143524995     
   3.0500000000000003        2.0940425056031216     
   3.0600000000000001        2.1127554712747565     
   3.0700000000000003        2.1316212923615039     
   3.0800000000000001        2.1506410544375050     
   3.0899999999999999        2.1698158476179419     
   3.1000000000000001        2.1891467665185371     
   3.1099999999999999        2.2086349102135245     
   3.1200000000000001        2.2282813821920731     
   3.1299999999999999        2.2480872903131299     
   3.1400000000000001        2.2680537467586639     
   3.1499999999999999        2.2881818679852808     
   3.1600000000000001        2.3084727746741822     
   3.1699999999999999        2.3289275916794470     
   3.1800000000000002        2.3495474479746026     
   3.1899999999999999        2.3703334765974637     
   3.2000000000000002        2.3912868145932107     
   3.2100000000000000        2.4124086029556793     
   3.2200000000000002        2.4336999865668338     
   3.2300000000000000        2.4551621141343998     
   3.2400000000000002        2.4767961381276233     
   3.2500000000000000        2.4986032147111334     
   3.2600000000000002        2.5205845036768779     
   3.2700000000000000        2.5427411683741021     
   3.2800000000000002        2.5650743756373453     
   3.2900000000000000        2.5875852957124255     
   3.3000000000000003        2.6102751021803821     
   3.3100000000000001        2.6331449718793491     
   3.3200000000000003        2.6561960848243302     
   3.3300000000000001        2.6794296241248428     
   3.3399999999999999        2.7028467759004080     
   3.3500000000000001        2.7264487291938511     
   3.3599999999999999        2.7502366758823862     
   3.3700000000000001        2.7742118105864542     
   3.3799999999999999        2.7983753305762851     
   3.3900000000000001        2.8227284356761535     
   3.3999999999999999        2.8472723281662979     
   3.4100000000000001        2.8720082126824744     
   3.4199999999999999        2.8969372961131143     
   3.4300000000000002        2.9220607874940545     
   3.4399999999999999        2.9473798979008112     
   3.4500000000000002        2.9728958403383672     
   3.4600000000000000        2.9986098296284425     
   3.4700000000000002        3.0245230822942157     
   3.4800000000000000        3.0506368164424686     
   3.4900000000000002        3.0769522516431231     
   3.5000000000000000        3.1034706088061390     
   3.5100000000000002        3.1301931100557439     
   3.5200000000000000        3.1571209786019629     
   3.5300000000000002        3.1842554386094224     
   3.5400000000000000        3.2115977150633914     
   3.5500000000000003        3.2391490336330371     
   3.5600000000000001        3.2669106205318594     
   3.5700000000000003        3.2948837023752802     
   3.5800000000000001        3.3230695060353503     
   3.5899999999999999        3.3514692584925547     
   3.6000000000000001        3.3800841866846758     
   3.6099999999999999        3.4089155173526953     
   3.6200000000000001        3.4379644768836992     
   3.6299999999999999        3.4672322911507614     
   3.6400000000000001        3.4967201853497740     
   3.6499999999999999        3.5264293838332006     
   3.6600000000000001        3.5563611099407200     
   3.6699999999999999        3.5865165858267369     
   3.6800000000000002        3.6168970322847298     
   3.6899999999999999        3.6475036685684086     
   3.7000000000000002        3.6783377122096601     
   3.7100000000000000        3.7094003788332492     
   3.7200000000000002        3.7406928819682541     
   3.7300000000000000        3.7722164328562089     
   3.7400000000000002        3.8039722402559280     
   3.7500000000000000        3.8359615102449913     
   3.7600000000000002        3.8681854460178622     
   3.7700000000000000        3.9006452476806164     
   3.7800000000000002        3.9333421120422609     
   3.7900000000000000        3.9662772324026183     
   3.8000000000000003        3.9994517983367572     
   3.8100000000000001        4.0328669954759446     
   3.8200000000000003        4.0665240052851042     
   3.8300000000000001        4.1004240048367562     
   3.8399999999999999        4.1345681665814267     
   3.8500000000000001        4.1689576581144996     
   3.8599999999999999        4.2035936419395012     
   3.8700000000000001        4.2384772752277984     
   3.8799999999999999        4.2736097095746937     
   3.8900000000000001        4.3089920907519028     
   3.8999999999999999        4.3446255584564035     
   3.9100000000000001        4.3805112460556384     
   3.9199999999999999        4.4166502803290646     
   3.9300000000000002        4.4530437812060351     
   3.9399999999999999        4.4896928615000027     
   3.9500000000000002        4.5265986266390419     
   3.9600000000000000        4.5637621743926733     
   3.9700000000000002        4.6011845945949945     
   3.9800000000000000        4.6388669688640993     
   3.9900000000000002        4.6768103703177921     
   4.0000000000000000        4.7150158632855899     
