   0.0000000000000000        0.0000000000000000     
   1.0000000000000000E-002   1.0000000000000001E-005
   2.0000000000000000E-002   2.0449890000000001E-005
   2.9999999999999999E-002   3.1348492933412498E-005
   4.0000000000000001E-002   4.2694699126978113E-005
   5.0000000000000003E-002   5.4487465744798070E-005
   5.9999999999999998E-002   6.6725816244851476E-005
   7.0000000000000007E-002   7.9408839847836698E-005
   8.0000000000000002E-002   9.2535691018179114E-005
   8.9999999999999997E-002   1.0610558895705035E-004
  0.10000000000000001        1.2011781710724706E-004
  0.11000000000000000        1.3457172266977981E-004
  0.12000000000000000        1.4946671613202576E-004
  0.13000000000000000        1.6480227080730112E-004
  0.14000000000000001        1.8057792238571210E-004
  0.14999999999999999        1.9679326849614606E-004
  0.16000000000000000        2.1344796827926625E-004
  0.17000000000000001        2.3054174197137709E-004
  0.17999999999999999        2.4807437049902841E-004
  0.19000000000000000        2.6604569508423026E-004
  0.20000000000000001        2.8445561686015185E-004
  0.20999999999999999        3.0330409649718053E-004
  0.22000000000000000        3.2259115383921914E-004
  0.23000000000000001        3.4231686755010251E-004
  0.23999999999999999        3.6248137477001559E-004
  0.25000000000000000        3.8308487078179840E-004
  0.26000000000000001        4.0412760868702461E-004
  0.27000000000000002        4.2560989909174352E-004
  0.28000000000000003        4.4753210980177601E-004
  0.28999999999999998        4.6989466552745861E-004
  0.29999999999999999        4.9269804759773019E-004
  0.31000000000000000        5.1594279368345959E-004
  0.32000000000000001        5.3962949752991236E-004
  0.33000000000000002        5.6375880869825867E-004
  0.34000000000000002        5.8833143231602531E-004
  0.35000000000000003        6.1334812883639619E-004
  0.35999999999999999        6.3880971380626849E-004
  0.37000000000000000        6.6471705764297308E-004
  0.38000000000000000        6.9107108541956945E-004
  0.39000000000000001        7.1787277665862667E-004
  0.40000000000000002        7.4512316513440484E-004
  0.41000000000000003        7.7282333868335204E-004
  0.41999999999999998        8.0097443902283391E-004
  0.42999999999999999        8.2957766157801445E-004
  0.44000000000000000        8.5863425531680832E-004
  0.45000000000000001        8.8814552259282699E-004
  0.46000000000000002        9.1811281899624128E-004
  0.47000000000000003        9.4853755321248575E-004
  0.47999999999999998        9.7942118688873155E-004
  0.48999999999999999        1.0107652345080550E-003
  0.50000000000000000        1.0425712632712316E-003
  0.51000000000000001        1.0748408929860862E-003
  0.52000000000000002        1.1075757959643320E-003
  0.53000000000000003        1.1407776969258306E-003
  0.54000000000000004        1.1744483729102095E-003
  0.55000000000000004        1.2085896531957728E-003
  0.56000000000000005        1.2432034192256421E-003
  0.57000000000000006        1.2782916045410669E-003
  0.57999999999999996        1.3138561947218449E-003
  0.58999999999999997        1.3498992273337938E-003
  0.59999999999999998        1.3864227918832159E-003
  0.60999999999999999        1.4234290297783006E-003
  0.62000000000000000        1.4609201342974105E-003
  0.63000000000000000        1.4988983505641947E-003
  0.64000000000000001        1.5373659755294792E-003
  0.65000000000000002        1.5763253579598828E-003
  0.66000000000000003        1.6157788984331061E-003
  0.67000000000000004        1.6557290493398465E-003
  0.68000000000000005        1.6961783148922900E-003
  0.69000000000000006        1.7371292511391329E-003
  0.70000000000000007        1.7785844659870880E-003
  0.70999999999999996        1.8205466192288289E-003
  0.71999999999999997        1.8630184225773303E-003
  0.72999999999999998        1.9060026397065589E-003
  0.73999999999999999        1.9495020862984761E-003
  0.75000000000000000        1.9935196300963080E-003
  0.76000000000000001        2.0380581909640459E-003
  0.77000000000000002        2.0831207409521360E-003
  0.78000000000000003        2.1287103043693203E-003
  0.79000000000000004        2.1748299578605926E-003
  0.80000000000000004        2.2214828304912321E-003
  0.81000000000000005        2.2686721038368807E-003
  0.82000000000000006        2.3164010120796264E-003
  0.83000000000000007        2.3646728421100626E-003
  0.83999999999999997        2.4134909336352866E-003
  0.84999999999999998        2.4628586792928091E-003
  0.85999999999999999        2.5127795247703410E-003
  0.87000000000000000        2.5632569689314267E-003
  0.88000000000000000        2.6142945639468958E-003
  0.89000000000000001        2.6658959154321018E-003
  0.90000000000000002        2.7180646825899248E-003
  0.91000000000000003        2.7708045783595026E-003
  0.92000000000000004        2.8241193695706713E-003
  0.93000000000000005        2.8780128771040843E-003
  0.94000000000000006        2.9324889760569879E-003
  0.95000000000000007        2.9875515959146251E-003
  0.95999999999999996        3.0432047207272486E-003
  0.96999999999999997        3.0994523892927135E-003
  0.97999999999999998        3.1562986953446331E-003
  0.98999999999999999        3.2137477877460731E-003
   1.0000000000000000        3.2718038706887613E-003
   1.0100000000000000        3.3304712038977969E-003
   1.0200000000000000        3.3897541028418319E-003
   1.0300000000000000        3.4496569389487149E-003
   1.0400000000000000        3.5101841398265683E-003
   1.0500000000000000        3.5713401894902877E-003
   1.0600000000000001        3.6331296285934431E-003
   1.0700000000000001        3.6955570546655641E-003
   1.0800000000000001        3.7586271223547939E-003
   1.0900000000000001        3.8223445436758952E-003
   1.1000000000000001        3.8867140882635921E-003
   1.1100000000000001        3.9517405836312332E-003
   1.1200000000000001        4.0174289154347618E-003
   1.1300000000000001        4.0837840277419789E-003
   1.1400000000000001        4.1508109233070831E-003
   1.1500000000000001        4.2185146638504803E-003
   1.1599999999999999        4.2869003703438404E-003
   1.1699999999999999        4.3559732233003990E-003
   1.1799999999999999        4.4257384630704876E-003
   1.1899999999999999        4.4962013901422787E-003
   1.2000000000000000        4.5673673654477390E-003
   1.2100000000000000        4.6392418106737787E-003
   1.2200000000000000        4.7118302085785834E-003
   1.2300000000000000        4.7851381033131267E-003
   1.2400000000000000        4.8591711007478422E-003
   1.2500000000000000        4.9339348688044581E-003
   1.2600000000000000        5.0094351377929771E-003
   1.2700000000000000        5.0856777007537964E-003
   1.2800000000000000        5.1626684138049604E-003
   1.2900000000000000        5.2404131964945361E-003
   1.3000000000000000        5.3189180321581040E-003
   1.3100000000000001        5.3981889682813604E-003
   1.3200000000000001        5.4782321168678205E-003
   1.3300000000000001        5.5590536548116168E-003
   1.3400000000000001        5.6406598242753868E-003
   1.3500000000000001        5.7230569330732443E-003
   1.3600000000000001        5.8062513550588279E-003
   1.3700000000000001        5.8902495305184202E-003
   1.3800000000000001        5.9750579665691327E-003
   1.3900000000000001        6.0606832375621556E-003
   1.4000000000000001        6.1471319854910569E-003
   1.4099999999999999        6.2344109204051385E-003
   1.4199999999999999        6.3225268208278356E-003
   1.4299999999999999        6.4114865341801568E-003
   1.4399999999999999        6.5012969772091670E-003
   1.4500000000000000        6.5919651364214991E-003
   1.4600000000000000        6.6834980685218969E-003
   1.4700000000000000        6.7759029008567818E-003
   1.4800000000000000        6.8691868318628462E-003
   1.4900000000000000        6.9633571315206580E-003
   1.5000000000000000        7.0584211418132838E-003
   1.5100000000000000        7.1543862771899260E-003
   1.5200000000000000        7.2512600250345576E-003
   1.5300000000000000        7.3490499461395728E-003
   1.5400000000000000        7.4477636751844297E-003
   1.5500000000000000        7.5474089212192955E-003
   1.5600000000000001        7.6479934681536813E-003
   1.5700000000000001        7.7495251752500733E-003
   1.5800000000000001        7.8520119776225479E-003
   1.5900000000000001        7.9554618867403726E-003
   1.6000000000000001        8.0598829909365854E-003
   1.6100000000000001        8.1652834559215563E-003
   1.6200000000000001        8.2716715253015171E-003
   1.6300000000000001        8.3790555211020711E-003
   1.6400000000000001        8.4874438442966611E-003
   1.6500000000000001        8.5968449753400025E-003
   1.6600000000000001        8.7072674747064802E-003
   1.6699999999999999        8.8187199834335022E-003
   1.6799999999999999        8.9312112236697994E-003
   1.6899999999999999        9.0447499992286785E-003
   1.7000000000000000        9.1593451961462149E-003
   1.7100000000000000        9.2750057832443888E-003
   1.7200000000000000        9.3917408126991554E-003
   1.7300000000000000        9.5095594206134424E-003
   1.7400000000000000        9.6284708275950724E-003
   1.7500000000000000        9.7484843393396102E-003
   1.7600000000000000        9.8696093472181202E-003
   1.7700000000000000        9.9918553288698298E-003
   1.7800000000000000        1.0115231848799705E-002
   1.7900000000000000        1.0239748558980910E-002
   1.8000000000000000        1.0365415199462170E-002
   1.8100000000000001        1.0492241598980002E-002
   1.8200000000000001        1.0620237675575836E-002
   1.8300000000000001        1.0749413437217996E-002
   1.8400000000000001        1.0879778982428544E-002
   1.8500000000000001        1.1011344500914981E-002
   1.8600000000000001        1.1144120274206774E-002
   1.8700000000000001        1.1278116676296747E-002
   1.8800000000000001        1.1413344174287273E-002
   1.8900000000000001        1.1549813329041286E-002
   1.9000000000000001        1.1687534795838112E-002
   1.9100000000000001        1.1826519325034075E-002
   1.9199999999999999        1.1966777762727903E-002
   1.9299999999999999        1.2108321051430893E-002
   1.9399999999999999        1.2251160230741843E-002
   1.9500000000000000        1.2395306438026726E-002
   1.9600000000000000        1.2540770909103100E-002
   1.9700000000000000        1.2687564978929235E-002
   1.9800000000000000        1.2835700082297946E-002
   1.9900000000000000        1.2985187754535117E-002
   2.0000000000000000        1.3136039632202891E-002
   2.0100000000000002        1.3288267453807529E-002
   2.0200000000000000        1.3441883060511901E-002
   2.0300000000000002        1.3596898396852599E-002
   2.0400000000000000        1.3753325511461660E-002
   2.0499999999999998        1.3911176557792870E-002
   2.0600000000000001        1.4070463794852633E-002
   2.0699999999999998        1.4231199587935386E-002
   2.0800000000000001        1.4393396409363534E-002
   2.0899999999999999        1.4557066839231888E-002
   2.1000000000000001        1.4722223566156580E-002
   2.1099999999999999        1.4888879388028428E-002
   2.1200000000000001        1.5057047212770736E-002
   2.1299999999999999        1.5226740059101492E-002
   2.1400000000000001        1.5397971057299944E-002
   2.1499999999999999        1.5570753449977522E-002
   2.1600000000000001        1.5745100592853084E-002
   2.1699999999999999        1.5921025955532450E-002
   2.1800000000000002        1.6098543122292201E-002
   2.1899999999999999        1.6277665792867688E-002
   2.2000000000000002        1.6458407783245272E-002
   2.2100000000000000        1.6640783026458685E-002
   2.2200000000000002        1.6824805573389553E-002
   2.2300000000000000        1.7010489593571983E-002
   2.2400000000000002        1.7197849376001228E-002
   2.2500000000000000        1.7386899329946349E-002
   2.2600000000000002        1.7577653985766859E-002
   2.2700000000000000        1.7770127995733312E-002
   2.2800000000000002        1.7964336134851770E-002
   2.2900000000000000        1.8160293301692134E-002
   2.3000000000000003        1.8358014519220273E-002
   2.3100000000000001        1.8557514935633911E-002
   2.3199999999999998        1.8758809825202238E-002
   2.3300000000000001        1.8961914589109171E-002
   2.3399999999999999        1.9166844756300233E-002
   2.3500000000000001        1.9373615984333001E-002
   2.3599999999999999        1.9582244060231055E-002
   2.3700000000000001        1.9792744901341381E-002
   2.3799999999999999        2.0005134556195181E-002
   2.3900000000000001        2.0219429205372008E-002
   2.3999999999999999        2.0435645162367198E-002
   2.4100000000000001        2.0653798874462517E-002
   2.4199999999999999        2.0873906923599958E-002
   2.4300000000000002        2.1095986027258637E-002
   2.4399999999999999        2.1320053039334728E-002
   2.4500000000000002        2.1546124951024329E-002
   2.4600000000000000        2.1774218891709243E-002
   2.4700000000000002        2.2004352129845570E-002
   2.4800000000000000        2.2236542073855035E-002
   2.4900000000000002        2.2470806273018999E-002
   2.5000000000000000        2.2707162418375056E-002
   2.5100000000000002        2.2945628343616138E-002
   2.5200000000000000        2.3186222025992066E-002
   2.5300000000000002        2.3428961587213436E-002
   2.5400000000000000        2.3673865294357780E-002
   2.5500000000000003        2.3920951560777892E-002
   2.5600000000000001        2.4170238947012257E-002
   2.5699999999999998        2.4421746161697462E-002
   2.5800000000000001        2.4675492062482516E-002
   2.5899999999999999        2.4931495656944965E-002
   2.6000000000000001        2.5189776103508733E-002
   2.6099999999999999        2.5450352712363556E-002
   2.6200000000000001        2.5713244946385917E-002
   2.6299999999999999        2.5978472422061395E-002
   2.6400000000000001        2.6246054910408285E-002
   2.6499999999999999        2.6516012337902409E-002
   2.6600000000000001        2.6788364787402996E-002
   2.6699999999999999        2.7063132499079497E-002
   2.6800000000000002        2.7340335871339265E-002
   2.6899999999999999        2.7619995461755913E-002
   2.7000000000000002        2.7902131987998277E-002
   2.7100000000000000        2.8186766328759851E-002
   2.7200000000000002        2.8473919524688543E-002
   2.7300000000000000        2.8763612779316629E-002
   2.7400000000000002        2.9055867459990802E-002
   2.7500000000000000        2.9350705098802114E-002
   2.7600000000000002        2.9648147393515751E-002
   2.7700000000000000        2.9948216208500422E-002
   2.7800000000000002        3.0250933575657255E-002
   2.7900000000000000        3.0556321695348065E-002
   2.8000000000000003        3.0864402937322795E-002
   2.8100000000000001        3.1175199841646021E-002
   2.8199999999999998        3.1488735119622337E-002
   2.8300000000000001        3.1805031654720442E-002
   2.8399999999999999        3.2124112503495832E-002
   2.8500000000000001        3.2446000896511833E-002
   2.8599999999999999        3.2770720239258887E-002
   2.8700000000000001        3.3098294113071844E-002
   2.8799999999999999        3.3428746276045175E-002
   2.8900000000000001        3.3762100663945797E-002
   2.8999999999999999        3.4098381391123443E-002
   2.9100000000000001        3.4437612751418330E-002
   2.9199999999999999        3.4779819219065922E-002
   2.9300000000000002        3.5125025449598633E-002
   2.9399999999999999        3.5473256280744235E-002
   2.9500000000000002        3.5824536733320776E-002
   2.9600000000000000        3.6178892012127817E-002
   2.9700000000000002        3.6536347506833732E-002
   2.9800000000000000        3.6896928792858927E-002
   2.9900000000000002        3.7260661632254694E-002
   3.0000000000000000        3.7627571974577494E-002
   3.0100000000000002        3.7997685957758466E-002
   3.0200000000000000        3.8371029908967888E-002
   3.0300000000000002        3.8747630345474404E-002
   3.0400000000000000        3.9127513975498740E-002
   3.0500000000000003        3.9510707699061655E-002
   3.0600000000000001        3.9897238608825943E-002
   3.0700000000000003        4.0287133990932159E-002
   3.0800000000000001        4.0680421325827852E-002
   3.0899999999999999        4.1077128289090034E-002
   3.1000000000000001        4.1477282752240614E-002
   3.1099999999999999        4.1880912783554568E-002
   3.1200000000000001        4.2288046648860475E-002
   3.1299999999999999        4.2698712812333263E-002
   3.1400000000000001        4.3112939937278778E-002
   3.1499999999999999        4.3530756886909945E-002
   3.1600000000000001        4.3952192725114206E-002
   3.1699999999999999        4.4377276717211964E-002
   3.1800000000000002        4.4806038330705664E-002
   3.1899999999999999        4.5238507236019306E-002
   3.2000000000000002        4.5674713307227971E-002
   3.2100000000000000        4.6114686622777130E-002
   3.2200000000000002        4.6558457466191361E-002
   3.2300000000000000        4.7006056326772169E-002
   3.2400000000000002        4.7457513900284562E-002
   3.2500000000000000        4.7912861089632081E-002
   3.2600000000000002        4.8372129005519883E-002
   3.2700000000000000        4.8835348967105612E-002
   3.2800000000000002        4.9302552502637619E-002
   3.2900000000000000        4.9773771350080223E-002
   3.3000000000000003        5.0249037457725666E-002
   3.3100000000000001        5.0728382984792347E-002
   3.3200000000000003        5.1211840302008996E-002
   3.3300000000000001        5.1699441992184403E-002
   3.3399999999999999        5.2191220850762318E-002
   3.3500000000000001        5.2687209886361122E-002
   3.3599999999999999        5.3187442321297913E-002
   3.3700000000000001        5.3691951592096540E-002
   3.3799999999999999        5.4200771349979276E-002
   3.3900000000000001        5.4713935461341623E-002
   3.3999999999999999        5.5231478008209885E-002
   3.4100000000000001        5.5753433288681112E-002
   3.4199999999999999        5.6279835817344928E-002
   3.4300000000000002        5.6810720325686848E-002
   3.4399999999999999        5.7346121762472668E-002
   3.4500000000000002        5.7886075294113409E-002
   3.4600000000000000        5.8430616305010480E-002
   3.4700000000000002        5.8979780397880502E-002
   3.4800000000000000        5.9533603394059394E-002
   3.4900000000000002        6.0092121333785234E-002
   3.5000000000000000        6.0655370476459469E-002
   3.5100000000000002        6.1223387300885904E-002
   3.5200000000000000        6.1796208505487095E-002
   3.5300000000000002        6.2373871008497603E-002
   3.5400000000000000        6.2956411948133617E-002
   3.5500000000000003        6.3543868682738508E-002
   3.5600000000000001        6.4136278790903709E-002
   3.5700000000000003        6.4733680071564492E-002
   3.5800000000000001        6.5336110544070125E-002
   3.5899999999999999        6.5943608448227872E-002
   3.6000000000000001        6.6556212244320317E-002
   3.6099999999999999        6.7173960613095468E-002
   3.6200000000000001        6.7796892455729119E-002
   3.6299999999999999        6.8425046893758973E-002
   3.6400000000000001        6.9058463268989928E-002
   3.6499999999999999        6.9697181143369952E-002
   3.6600000000000001        7.0341240298836094E-002
   3.6699999999999999        7.0990680737129996E-002
   3.6800000000000002        7.1645542679582341E-002
   3.6899999999999999        7.2305866566865676E-002
   3.7000000000000002        7.2971693058715106E-002
   3.7100000000000000        7.3643063033616132E-002
   3.7200000000000002        7.4320017588459214E-002
   3.7300000000000000        7.5002598038160395E-002
   3.7400000000000002        7.5690845915247301E-002
   3.7500000000000000        7.6384802969410137E-002
   3.7600000000000002        7.7084511167016867E-002
   3.7700000000000000        7.7790012690592117E-002
   3.7800000000000002        7.8501349938259080E-002
   3.7900000000000000        7.9218565523143908E-002
   3.8000000000000003        7.9941702272741916E-002
   3.8100000000000001        8.0670803228244978E-002
   3.8200000000000003        8.1405911643829501E-002
   3.8300000000000001        8.2147070985904375E-002
   3.8399999999999999        8.2894324932318214E-002
   3.8500000000000001        8.3647717371525307E-002
   3.8599999999999999        8.4407292401709549E-002
   3.8700000000000001        8.5173094329865848E-002
   3.8799999999999999        8.5945167670838235E-002
   3.8900000000000001        8.6723557146314106E-002
   3.8999999999999999        8.7508307683773906E-002
   3.9100000000000001        8.8299464415395629E-002
   3.9199999999999999        8.9097072676913441E-002
   3.9300000000000002        8.9901178006429841E-002
   3.9399999999999999        9.0711826143180574E-002
   3.9500000000000002        9.1529063026251814E-002
   3.9600000000000000        9.2352934793248756E-002
   3.9700000000000002        9.3183487778915136E-002
   3.9800000000000000        9.4020768513702849E-002
   3.9900000000000002        9.4864823722291131E-002
   4.0000000000000000        9.5715700322054564E-002
