   0.0000000000000000        0.0000000000000000     
   1.0000000000000000E-002   4.7241113293948797E-002
   2.0000000000000000E-002   9.4231097563478194E-002
   2.9999999999999999E-002  0.14097763255834003     
   4.0000000000000001E-002  0.18748832158286841     
   5.0000000000000003E-002  0.23377069296244019     
   5.9999999999999998E-002  0.27983220149027643     
   7.0000000000000007E-002  0.32568022322942747     
   8.0000000000000002E-002  0.37132207746361234     
   8.9999999999999997E-002  0.41676500686761453     
  0.10000000000000001       0.46201618618186463     
  0.11000000000000000       0.50708272356585993     
  0.12000000000000000       0.55197166193386804     
  0.13000000000000000       0.59668998027321452     
  0.14000000000000001       0.64124459494544361     
  0.14999999999999999       0.68564236097065778     
  0.16000000000000000       0.72989007329531697     
  0.17000000000000001       0.77399446804377059     
  0.17999999999999999       0.81796222375384298     
  0.19000000000000000       0.86179996259667491     
  0.20000000000000001       0.90551425158119803     
  0.20999999999999999       0.94911160374335912     
  0.22000000000000000       0.99259847932053147     
  0.23000000000000001        1.0359812869112113     
  0.23999999999999999        1.0792663846203534     
  0.25000000000000000        1.1224600811905323     
  0.26000000000000001        1.1655686371192617     
  0.27000000000000002        1.2085982657625745     
  0.28000000000000003        1.2515551344252454     
  0.28999999999999998        1.2944453654377788     
  0.29999999999999999        1.3372750372204438     
  0.31000000000000000        1.3800501779724725     
  0.32000000000000001        1.4227767882731264     
  0.33000000000000002        1.4654608210707833     
  0.34000000000000002        1.5081081895342323     
  0.35000000000000003        1.5507247680552108     
  0.35999999999999999        1.5933163932392747     
  0.37000000000000000        1.6358888648852088     
  0.38000000000000000        1.6784479469531759     
  0.39000000000000001        1.7209993685218017     
  0.40000000000000002        1.7635488247343933     
  0.41000000000000003        1.8061019777344793     
  0.41999999999999998        1.8486644575908613     
  0.42999999999999999        1.8912418632123604     
  0.44000000000000000        1.9338397632524451     
  0.45000000000000001        1.9764636970039138     
  0.46000000000000002        2.0191191752838136     
  0.47000000000000003        2.0618116813087668     
  0.47999999999999998        2.1045466715608754     
  0.48999999999999999        2.1473295766443732     
  0.50000000000000000        2.1901658021331900     
  0.51000000000000001        2.2330607294095914     
  0.52000000000000002        2.2760197164940532     
  0.53000000000000003        2.3190480988665296     
  0.54000000000000004        2.3621511902792682     
  0.55000000000000004        2.4053342835613272     
  0.56000000000000005        2.4486026514149417     
  0.57000000000000006        2.4919615472038923     
  0.57999999999999996        2.5354162057340122     
  0.58999999999999997        2.5789718440259857     
  0.59999999999999998        2.6226336620805739     
  0.60999999999999999        2.6664068436364059     
  0.62000000000000000        2.7102965569204738     
  0.63000000000000000        2.7543079553914631     
  0.64000000000000001        2.7984461784760555     
  0.65000000000000002        2.8427163522983241     
  0.66000000000000003        2.8871235904023633     
  0.67000000000000004        2.9316729944682627     
  0.68000000000000005        2.9763696550215624     
  0.69000000000000006        3.0212186521363038     
  0.70000000000000007        3.0662250561317972     
  0.70999999999999996        3.1113939282632241     
  0.71999999999999997        3.1567303214061901     
  0.72999999999999998        3.2022392807353430     
  0.73999999999999999        3.2479258443971664     
  0.75000000000000000        3.2937950441770596     
  0.76000000000000001        3.3398519061608134     
  0.77000000000000002        3.3861014513905872     
  0.78000000000000003        3.4325486965154912     
  0.79000000000000004        3.4791986544368787     
  0.80000000000000004        3.5260563349484486     
  0.81000000000000005        3.5731267453712587     
  0.82000000000000006        3.6204148911837462     
  0.83000000000000007        3.6679257766468512     
  0.83999999999999997        3.7156644054243428     
  0.84999999999999998        3.7636357811984320     
  0.85999999999999999        3.8118449082807708     
  0.87000000000000000        3.8602967922189246     
  0.88000000000000000        3.9089964403984032     
  0.89000000000000001        3.9579488626403396     
  0.90000000000000002        4.0071590717949039     
  0.91000000000000003        4.0566320843305332     
  0.92000000000000004        4.1063729209190551     
  0.93000000000000005        4.1563866070167972     
  0.94000000000000006        4.2066781734417482     
  0.95000000000000007        4.2572526569468607     
  0.95999999999999996        4.3081151007895588     
  0.96999999999999997        4.3592705552975408     
  0.97999999999999998        4.4107240784309329     
  0.98999999999999999        4.4624807363408818     
   1.0000000000000000        4.5145456039246472     
   1.0100000000000000        4.5669237653772639     
   1.0200000000000000        4.6196203147398469     
   1.0300000000000000        4.6726403564446013     
   1.0400000000000000        4.7259890058566008     
   1.0500000000000000        4.7796713898124032     
   1.0600000000000001        4.8336926471555630     
   1.0700000000000001        4.8880579292690998     
   1.0800000000000001        4.9427724006049907     
   1.0900000000000001        4.9978412392107314     
   1.1000000000000001        5.0532696372530355     
   1.1100000000000001        5.1090628015387214     
   1.1200000000000001        5.1652259540328469     
   1.1300000000000001        5.2217643323741392     
   1.1400000000000001        5.2786831903877713     
   1.1500000000000001        5.3359877985955446     
   1.1599999999999999        5.3936834447235187     
   1.1699999999999999        5.4517754342071392     
   1.1799999999999999        5.5102690906939120     
   1.1899999999999999        5.5691697565436709     
   1.2000000000000000        5.6284827933264765     
   1.2100000000000000        5.6882135823181992     
   1.2200000000000000        5.7483675249938191     
   1.2300000000000000        5.8089500435184966     
   1.2400000000000000        5.8699665812364348     
   1.2500000000000000        5.9314226031575883     
   1.2600000000000000        5.9933235964422531     
   1.2700000000000000        6.0556750708835656     
   1.2800000000000000        6.1184825593879513     
   1.2900000000000000        6.1817516184535588     
   1.3000000000000000        6.2454878286467057     
   1.3100000000000001        6.3096967950763752     
   1.3200000000000001        6.3743841478667846     
   1.3300000000000001        6.4395555426280646     
   1.3400000000000001        6.5052166609250666     
   1.3500000000000001        6.5713732107443290     
   1.3600000000000001        6.6380309269592335     
   1.3700000000000001        6.7051955717933671     
   1.3800000000000001        6.7728729352821126     
   1.3900000000000001        6.8410688357324965     
   1.4000000000000001        6.9097891201813066     
   1.4099999999999999        6.9790396648515083     
   1.4199999999999999        7.0488263756069607     
   1.4299999999999999        7.1191551884054700     
   1.4399999999999999        7.1900320697501776     
   1.4500000000000000        7.2614630171393104     
   1.4600000000000000        7.3334540595142990     
   1.4700000000000000        7.4060112577062727     
   1.4800000000000000        7.4791407048809537     
   1.4900000000000000        7.5528485269819461     
   1.5000000000000000        7.6271408831724372     
   1.5100000000000000        7.7020239662753118     
   1.5200000000000000        7.7775040032116882     
   1.5300000000000000        7.8535872554378816     
   1.5400000000000000        7.9302800193807892     
   1.5500000000000000        8.0075886268717102     
   1.5600000000000001        8.0855194455785959     
   1.5700000000000001        8.1640788794367189     
   1.5800000000000001        8.2432733690777802     
   1.5900000000000001        8.3231093922574253     
   1.6000000000000001        8.4035934642811956     
   1.6100000000000001        8.4847321384288659     
   1.6200000000000001        8.5665320063772086     
   1.6300000000000001        8.6489996986211306     
   1.6400000000000001        8.7321418848932115     
   1.6500000000000001        8.8159652745815933     
   1.6600000000000001        8.9004766171462428     
   1.6699999999999999        8.9856827025335555     
   1.6799999999999999        9.0715903615892692     
   1.6899999999999999        9.1582064664697107     
   1.7000000000000000        9.2455379310513077     
   1.7100000000000000        9.3335917113383893     
   1.7200000000000000        9.4223748058692234     
   1.7300000000000000        9.5118942561202715     
   1.7400000000000000        9.6021571469086595     
   1.7500000000000000        9.6931706067927959     
   1.7600000000000000        9.7849418084711566     
   1.7700000000000000        9.8774779691791661     
   1.7800000000000000        9.9707863510841666     
   1.7900000000000000        10.064874261678439     
   1.8000000000000000        10.159749054170238     
   1.8100000000000001        10.255418127872799     
   1.8200000000000001        10.351888928591295     
   1.8300000000000001        10.449168949007687     
   1.8400000000000001        10.547265729063446     
   1.8500000000000001        10.646186856340073     
   1.8600000000000001        10.745939966437421     
   1.8700000000000001        10.846532743349716     
   1.8800000000000001        10.947972919839275     
   1.8900000000000001        11.050268277807845     
   1.9000000000000001        11.153426648665530     
   1.9100000000000001        11.257455913697230     
   1.9199999999999999        11.362364004426558     
   1.9299999999999999        11.468158902977173     
   1.9399999999999999        11.574848642431457     
   1.9500000000000000        11.682441307186496     
   1.9600000000000000        11.790945033307288     
   1.9700000000000000        11.900368008877120     
   1.9800000000000000        12.010718474345044     
   1.9900000000000000        12.122004722870377     
   2.0000000000000000        12.234235100664186     
   2.0100000000000002        12.347418007327637     
   2.0200000000000000        12.461561896187174     
   2.0300000000000002        12.576675274626433     
   2.0400000000000000        12.692766704414817     
   2.0499999999999998        12.809844802032652     
   2.0600000000000001        12.927918238992838     
   2.0699999999999998        13.046995742158913     
   2.0800000000000001        13.167086094059444     
   2.0899999999999999        13.288198133198652     
   2.1000000000000001        13.410340754363185     
   2.1099999999999999        13.533522908924937     
   2.1200000000000001        13.657753605139831     
   2.1299999999999999        13.783041908442449     
   2.1400000000000001        13.909396941736423     
   2.1499999999999999        14.036827885680477     
   2.1600000000000001        14.165343978970029     
   2.1699999999999999        14.294954518614214     
   2.1800000000000002        14.425668860208253     
   2.1899999999999999        14.557496418201035     
   2.2000000000000002        14.690446666157799     
   2.2100000000000000        14.824529137017805     
   2.2200000000000002        14.959753423346873     
   2.2300000000000000        15.096129177584656     
   2.2400000000000002        15.233666112286537     
   2.2500000000000000        15.372374000360015     
   2.2600000000000002        15.512262675295448     
   2.2700000000000000        15.653342031391025     
   2.2800000000000002        15.795622023971825     
   2.2900000000000000        15.939112669602828     
   2.3000000000000003        16.083824046295735     
   2.3100000000000001        16.229766293709460     
   2.3199999999999998        16.376949613344134     
   2.3300000000000001        16.525384268728480     
   2.3399999999999999        16.675080585600409     
   2.3500000000000001        16.826048952080662     
   2.3599999999999999        16.978299818839385     
   2.3700000000000001        17.131843699255409     
   2.3799999999999999        17.286691169568130     
   2.3900000000000001        17.442852869021785     
   2.3999999999999999        17.600339500001983     
   2.4100000000000001        17.759161828164288     
   2.4199999999999999        17.919330682554676     
   2.4300000000000002        18.080856955721746     
   2.4399999999999999        18.243751603820400     
   2.4500000000000002        18.408025646706903     
   2.4600000000000000        18.573690168025088     
   2.4700000000000002        18.740756315283495     
   2.4800000000000000        18.909235299923285     
   2.4900000000000002        19.079138397376731     
   2.5000000000000000        19.250476947116052     
   2.5100000000000002        19.423262352692394     
   2.5200000000000000        19.597506081764777     
   2.5300000000000002        19.773219666118759     
   2.5400000000000000        19.950414701674624     
   2.5500000000000003        20.129102848484848     
   2.5600000000000001        20.309295830720668     
   2.5699999999999998        20.491005436647484     
   2.5800000000000001        20.674243518588863     
   2.5899999999999999        20.859021992878954     
   2.6000000000000001        21.045352839803027     
   2.6099999999999999        21.233248103525927     
   2.6200000000000001        21.422719892008200     
   2.6299999999999999        21.613780376909599     
   2.6400000000000001        21.806441793479795     
   2.6499999999999999        22.000716440435962     
   2.6600000000000001        22.196616679827017     
   2.6699999999999999        22.394154936884252     
   2.6800000000000002        22.593343699858082     
   2.6899999999999999        22.794195519840631     
   2.7000000000000002        22.996723010573906     
   2.7100000000000000        23.200938848243247     
   2.7200000000000002        23.406855771255820     
   2.7300000000000000        23.614486580003817     
   2.7400000000000002        23.823844136612088     
   2.7500000000000000        24.034941364669962     
   2.7600000000000002        24.247791248946861     
   2.7700000000000000        24.462406835091507     
   2.7800000000000002        24.678801229314352     
   2.7900000000000000        24.896987598052949     
   2.8000000000000003        25.116979167619952     
   2.8100000000000001        25.338789223833409     
   2.8199999999999998        25.562431111629056     
   2.8300000000000001        25.787918234654271     
   2.8399999999999999        26.015264054843353     
   2.8500000000000001        26.244482091973826     
   2.8599999999999999        26.475585923203379     
   2.8700000000000001        26.708589182587172     
   2.8799999999999999        26.943505560575087     
   2.8900000000000001        27.180348803488648     
   2.8999999999999999        27.419132712977220     
   2.9100000000000001        27.659871145453117     
   2.9199999999999999        27.902578011505316     
   2.9300000000000002        28.147267275291362     
   2.9399999999999999        28.393952953907117     
   2.9500000000000002        28.642649116733988     
   2.9600000000000000        28.893369884763253     
   2.9700000000000002        29.146129429897108     
   2.9800000000000000        29.400941974226050     
   2.9900000000000002        29.657821789282234     
   3.0000000000000000        29.916783195268380     
   3.0100000000000002        30.177840560261853     
   3.0200000000000000        30.441008299393534     
   3.0300000000000002        30.706300874001077     
   3.0400000000000000        30.973732790756120     
   3.0500000000000003        31.243318600765097     
   3.0600000000000001        31.515072898643190     
   3.0700000000000003        31.789010321561037     
   3.0800000000000001        32.065145548263779     
   3.0899999999999999        32.343493298062022     
   3.1000000000000001        32.624068329794277     
   3.1099999999999999        32.906885440760490     
   3.1200000000000001        33.191959465626184     
   3.1299999999999999        33.479305275296831     
   3.1400000000000001        33.768937775761991     
   3.1499999999999999        34.060871906908773     
   3.1600000000000001        34.355122641304206     
   3.1699999999999999        34.651704982946079     
   3.1800000000000002        34.950633965981751     
   3.1899999999999999        35.251924653394546     
   3.2000000000000002        35.555592135657285     
   3.2100000000000000        35.861651529352422     
   3.2200000000000002        36.170117975758458     
   3.2300000000000000        36.481006639402040     
   3.2400000000000002        36.794332706575389     
   3.2500000000000000        37.110111383818577     
   3.2600000000000002        37.428357896366151     
   3.2700000000000000        37.749087486557663     
   3.2800000000000002        38.072315412211701     
   3.2900000000000000        38.398056944962846     
   3.3000000000000003        38.726327368561151     
   3.3100000000000001        39.057141977133732     
   3.3200000000000003        39.390516073407866     
   3.3300000000000001        39.726464966895257     
   3.3399999999999999        40.065003972036919     
   3.3500000000000001        40.406148406308276     
   3.3599999999999999        40.749913588283931     
   3.3700000000000001        41.096314835661701     
   3.3799999999999999        41.445367463245425     
   3.3900000000000001        41.797086780886062     
   3.3999999999999999        42.151488091380671     
   3.4100000000000001        42.508586688328712     
   3.4199999999999999        42.868397853945311     
   3.4300000000000002        43.230936856830930     
   3.4399999999999999        43.596218949697061     
   3.4500000000000002        43.964259367047411     
   3.4600000000000000        44.335073322814196     
   3.4700000000000002        44.708676007949016     
   3.4800000000000000        45.085082587967939     
   3.4900000000000002        45.464308200450247     
   3.5000000000000000        45.846367952490503     
   3.5100000000000002        46.231276918103411     
   3.5200000000000000        46.619050135581098     
   3.5300000000000002        47.009702604802328     
   3.5400000000000000        47.403249284493249     
   3.5500000000000003        47.799705089439264     
   3.5600000000000001        48.199084887647537     
   3.5700000000000003        48.601403497459849     
   3.5800000000000001        49.006675684615224     
   3.5899999999999999        49.414916159262098     
   3.6000000000000001        49.826139572919487     
   3.6099999999999999        50.240360515386854     
   3.6200000000000001        50.657593511602300     
   3.6299999999999999        51.077853018448636     
   3.6400000000000001        51.501153421507013     
   3.6499999999999999        51.927509031757793     
   3.6600000000000001        52.356934082228214     
   3.6699999999999999        52.789442724586600     
   3.6800000000000002        53.225049025682736     
   3.6899999999999999        53.663766964034131     
   3.7000000000000002        54.105610426257812     
   3.7100000000000000        54.550593203447391     
   3.7200000000000002        54.998728987495070     
   3.7300000000000000        55.450031367358406     
   3.7400000000000002        55.904513825271458     
   3.7500000000000000        56.362189732900134     
   3.7600000000000002        56.823072347441531     
   3.7700000000000000        57.287174807666943     
   3.7800000000000002        57.754510129908454     
   3.7900000000000000        58.225091203988846     
   3.8000000000000003        58.698930789094668     
   3.8100000000000001        59.176041509592302     
   3.8200000000000003        59.656435850786906     
   3.8300000000000001        60.140126154624078     
   3.8399999999999999        60.627124615334139     
   3.8500000000000001        61.117443275019014     
   3.8599999999999999        61.611094019181500     
   3.8700000000000001        62.108088572197005     
   3.8799999999999999        62.608438492727672     
   3.8900000000000001        63.112155169078896     
   3.8999999999999999        63.619249814498204     
   3.9100000000000001        64.129733462416581     
   3.9199999999999999        64.643616961632333     
   3.9300000000000002        65.160910971437431     
   3.9399999999999999        65.681625956686588     
   3.9500000000000002        66.205772182809170     
   3.9600000000000000        66.733359710764020     
   3.9700000000000002        67.264398391937434     
   3.9800000000000000        67.798897862984504     
   3.9900000000000002        68.336867540614094     
   4.0000000000000000        68.878316616317576     
