   0.0000000000000000        0.0000000000000000     
   1.0000000000000000E-002   2.4938558873804496E-003
   2.0000000000000000E-002   4.9819361832735337E-003
   2.9999999999999999E-002   7.4646065234009696E-003
   4.0000000000000001E-002   9.9422297242011820E-003
   5.0000000000000003E-002   1.2415165848136012E-002
   5.9999999999999998E-002   1.4883772268191866E-002
   7.0000000000000007E-002   1.7348403381830645E-002
   8.0000000000000002E-002   1.9809411757303386E-002
   8.9999999999999997E-002   2.2267147077854304E-002
  0.10000000000000001        2.4721956587517073E-002
  0.11000000000000000        2.7174185151802633E-002
  0.12000000000000000        2.9624175317665584E-002
  0.13000000000000000        3.2072267372762364E-002
  0.14000000000000001        3.4518799404014630E-002
  0.14999999999999999        3.6964107355490383E-002
  0.16000000000000000        3.9408525085615424E-002
  0.17000000000000001        4.1852384423727407E-002
  0.17999999999999999        4.4296015225984364E-002
  0.19000000000000000        4.6739745430641633E-002
  0.20000000000000001        4.9183901112705063E-002
  0.20999999999999999        5.1628806537976565E-002
  0.22000000000000000        5.4074784216500402E-002
  0.23000000000000001        5.6522154955421164E-002
  0.23999999999999999        5.8971237911267932E-002
  0.25000000000000000        6.1422350641670578E-002
  0.26000000000000001        6.3875809156523411E-002
  0.27000000000000002        6.6331927968603044E-002
  0.28000000000000003        6.8791020143654000E-002
  0.28999999999999998        7.1253397349948538E-002
  0.29999999999999999        7.3719369907335269E-002
  0.31000000000000000        7.6189246447133860E-002
  0.32000000000000001        7.8663335097293674E-002
  0.33000000000000002        8.1141942421641591E-002
  0.34000000000000002        8.3625373826807847E-002
  0.35000000000000003        8.6113933608849128E-002
  0.35999999999999999        8.8607924999414694E-002
  0.37000000000000000        9.1107650211464331E-002
  0.38000000000000000        9.3613410484547063E-002
  0.39000000000000001        9.6125506129649027E-002
  0.40000000000000002        9.8644236573619315E-002
  0.41000000000000003       0.10116990040318198     
  0.41999999999999998       0.10370279540854246     
  0.42999999999999999       0.10624321862659662     
  0.44000000000000000       0.10879146638375028     
  0.45000000000000001       0.11134783433835728     
  0.46000000000000002       0.11391261752278363     
  0.47000000000000003       0.11648611038510542     
  0.47999999999999998       0.11906860683044815     
  0.48999999999999999       0.12166040026197449     
  0.50000000000000000       0.12426178362152822     
  0.51000000000000001       0.12687304942994113     
  0.52000000000000002       0.12949448982701003     
  0.53000000000000003       0.13212639661115094     
  0.54000000000000004       0.13476906127873700     
  0.55000000000000004       0.13742277506312722     
  0.56000000000000005       0.14008782897339220     
  0.57000000000000006       0.14276451383274372     
  0.57999999999999996       0.14545312031667451     
  0.58999999999999997       0.14815393899081436     
  0.59999999999999998       0.15086726034850892     
  0.60999999999999999       0.15359337484812735     
  0.62000000000000000       0.15633257295010472     
  0.63000000000000000       0.15908514515372510     
  0.64000000000000001       0.16185138203365121     
  0.65000000000000002       0.16463157427620637     
  0.66000000000000003       0.16742601271541441     
  0.67000000000000004       0.17023498836880308     
  0.68000000000000005       0.17305879247297637     
  0.69000000000000006       0.17589771651896136     
  0.70000000000000007       0.17875205228733443     
  0.70999999999999996       0.18162209188313269     
  0.71999999999999997       0.18450812777055525     
  0.72999999999999998       0.18741045280745958     
  0.73999999999999999       0.19032936027965791     
  0.75000000000000000       0.19326514393501865     
  0.76000000000000001       0.19621809801737738     
  0.77000000000000002       0.19918851730026260     
  0.78000000000000003       0.20217669712044034     
  0.79000000000000004       0.20518293341128271     
  0.80000000000000004       0.20820752273596460     
  0.81000000000000005       0.21125076232049306     
  0.82000000000000006       0.21431295008657375     
  0.83000000000000007       0.21739438468431871     
  0.83999999999999997       0.22049536552479959     
  0.84999999999999998       0.22361619281245071     
  0.85999999999999999       0.22675716757732581     
  0.87000000000000000       0.22991859170721252     
  0.88000000000000000       0.23310076797960860     
  0.89000000000000001       0.23630400009356387     
  0.90000000000000002       0.23952859270139126     
  0.91000000000000003       0.24277485144025121     
  0.92000000000000004       0.24604308296361274     
  0.93000000000000005       0.24933359497259500     
  0.94000000000000006       0.25264669624719266     
  0.95000000000000007       0.25598269667738865     
  0.95999999999999996       0.25934190729415807     
  0.96999999999999997       0.26272464030036574     
  0.97999999999999998       0.26613120910156163     
  0.98999999999999999       0.26956192833667658     
   1.0000000000000000       0.27301711390862238     
   1.0100000000000000       0.27649708301479814     
   1.0200000000000000       0.28000215417750701     
   1.0300000000000000       0.28353264727428595     
   1.0400000000000000       0.28708888356815077     
   1.0500000000000000       0.29067118573776052     
   1.0600000000000001       0.29427987790750321     
   1.0700000000000001       0.29791528567750530     
   1.0800000000000001       0.30157773615356875     
   1.0900000000000001       0.30526755797703720     
   1.1000000000000001       0.30898508135459429     
   1.1100000000000001       0.31273063808799667     
   1.1200000000000001       0.31650456160374379     
   1.1300000000000001       0.32030718698268734     
   1.1400000000000001       0.32413885098958228     
   1.1500000000000001       0.32799989210258190     
   1.1599999999999999       0.33189065054267902     
   1.1699999999999999       0.33581146830309550     
   1.1799999999999999       0.33976268917862218     
   1.1899999999999999       0.34374465879491134     
   1.2000000000000000       0.34775772463772359     
   1.2100000000000000       0.35180223608213113     
   1.2200000000000000       0.35587854442167893     
   1.2300000000000000       0.35998700289750640     
   1.2400000000000000       0.36412796672743042     
   1.2500000000000000       0.36830179313499201     
   1.2600000000000000       0.37250884137846790     
   1.2700000000000000       0.37674947277984894     
   1.2800000000000000       0.38102405075378631     
   1.2900000000000000       0.38533294083650793     
   1.3000000000000000       0.38967651071470516     
   1.3100000000000001       0.39405513025439221     
   1.3200000000000001       0.39846917152973910     
   1.3300000000000001       0.40291900885187959     
   1.3400000000000001       0.40740501879769464     
   1.3500000000000001       0.41192758023857345     
   1.3600000000000001       0.41648707436915233     
   1.3700000000000001       0.42108388473603264     
   1.3800000000000001       0.42571839726647881     
   1.3900000000000001       0.43039100029709748     
   1.4000000000000001       0.43510208460249788     
   1.4099999999999999       0.43985204342393486     
   1.4199999999999999       0.44464127249793489     
   1.4299999999999999       0.44947017008490592     
   1.4399999999999999       0.45433913699773126     
   1.4500000000000000       0.45924857663034840     
   1.4600000000000000       0.46419889498631278     
   1.4700000000000000       0.46919050070734725     
   1.4800000000000000       0.47422380510187701     
   1.4900000000000000       0.47929922217355103     
   1.5000000000000000       0.48441716864974954     
   1.5100000000000000       0.48957806401007742     
   1.5200000000000000       0.49478233051484449     
   1.5300000000000000       0.50003039323353160     
   1.5400000000000000       0.50532268007324344     
   1.5500000000000000       0.51065962180714675     
   1.5600000000000001       0.51604165210289488     
   1.5700000000000001       0.52146920755103754     
   1.5800000000000001       0.52694272769341555     
   1.5900000000000001       0.53246265505154056     
   1.6000000000000001       0.53802943515495860     
   1.6100000000000001       0.54364351656959731     
   1.6200000000000001       0.54930535092609600     
   1.6300000000000001       0.55501539294811786     
   1.6400000000000001       0.56077410048064336     
   1.6500000000000001       0.56658193451824435     
   1.6600000000000001       0.57243935923333733     
   1.6699999999999999       0.57834684200441544     
   1.6799999999999999       0.58430485344425720     
   1.6899999999999999       0.59031386742811187     
   1.7000000000000000       0.59637436112185938     
   1.7100000000000000       0.60248681501014412     
   1.7200000000000000       0.60865171292447995     
   1.7300000000000000       0.61486954207132627     
   1.7400000000000000       0.62114079306013315     
   1.7500000000000000       0.62746595993135312     
   1.7600000000000000       0.63384554018441841     
   1.7700000000000000       0.64028003480568241     
   1.7800000000000000       0.64676994829632184     
   1.7900000000000000       0.65331578870019935     
   1.8000000000000000       0.65991806763168259     
   1.8100000000000001       0.66657730030341944     
   1.8200000000000001       0.67329400555406560     
   1.8300000000000001       0.68006870587596269     
   1.8400000000000001       0.68690192744276446     
   1.8500000000000001       0.69379420013700854     
   1.8600000000000001       0.70074605757763075     
   1.8700000000000001       0.70775803714741925     
   1.8800000000000001       0.71483068002040573     
   1.8900000000000001       0.72196453118919091     
   1.9000000000000001       0.72916013949220082     
   1.9100000000000001       0.73641805764087087     
   1.9199999999999999       0.74373884224675424     
   1.9299999999999999       0.75112305384855160     
   1.9399999999999999       0.75857125693905814     
   1.9500000000000000       0.76608401999202491     
   1.9600000000000000       0.77366191548892993     
   1.9700000000000000       0.78130551994565567     
   1.9800000000000000       0.78901541393906949     
   1.9900000000000000       0.79679218213350211     
   2.0000000000000000       0.80463641330712010     
   2.0100000000000002       0.81254870037818816     
   2.0200000000000000       0.82052964043121757     
   2.0300000000000002       0.82857983474299468     
   2.0400000000000000       0.83669988880848634     
   2.0499999999999998       0.84489041236661633     
   2.0600000000000001       0.85315201942590879     
   2.0699999999999998       0.86148532828999258     
   2.0800000000000001       0.86989096158296308     
   2.0899999999999999       0.87836954627459385     
   2.1000000000000001       0.88692171370539474     
   2.1099999999999999       0.89554809961151005     
   2.1200000000000001       0.90424934414945068     
   2.1299999999999999       0.91302609192065542     
   2.1400000000000001       0.92187899199587464     
   2.1499999999999999       0.93080869793937027     
   2.1600000000000001       0.93981586783292659     
   2.1699999999999999       0.94890116429966431     
   2.1800000000000002       0.95806525452765279     
   2.1899999999999999       0.96730881029331206     
   2.2000000000000002       0.97663250798459933     
   2.2100000000000000       0.98603702862397191     
   2.2200000000000002       0.99552305789112061     
   2.2300000000000000        1.0050912861454646     
   2.2400000000000002        1.0147424084484018     
   2.2500000000000000        1.0244771245853073     
   2.2600000000000002        1.0342961390872696     
   2.2700000000000000        1.0442001612525611     
   2.2800000000000002        1.0541899051678296     
   2.2900000000000000        1.0642660897290073     
   2.3000000000000003        1.0744294386619255     
   2.3100000000000001        1.0846806805426281     
   2.3199999999999998        1.0950205488173752     
   2.3300000000000001        1.1054497818223263     
   2.3399999999999999        1.1159691228028954     
   2.3500000000000001        1.1265793199327694     
   2.3599999999999999        1.1372811263325777     
   2.3700000000000001        1.1480753000882065     
   2.3799999999999999        1.1589626042687453     
   2.3900000000000001        1.1699438069440571     
   2.3999999999999999        1.1810196812019618     
   2.4100000000000001        1.1921910051650222     
   2.4199999999999999        1.2034585620069227     
   2.4300000000000002        1.2148231399684279     
   2.4399999999999999        1.2262855323729134     
   2.4500000000000002        1.2378465376414542     
   2.4600000000000000        1.2495069593074626     
   2.4700000000000002        1.2612676060308605     
   2.4800000000000000        1.2731292916117778     
   2.4900000000000002        1.2850928350037627     
   2.5000000000000000        1.2971590603264918     
   2.5100000000000002        1.3093287968779694     
   2.5200000000000000        1.3216028791462009     
   2.5300000000000002        1.3339821468203297     
   2.5400000000000000        1.3464674448012226     
   2.5500000000000003        1.3590596232114927     
   2.5600000000000001        1.3717595374049438     
   2.5699999999999998        1.3845680479754250     
   2.5800000000000001        1.3974860207650794     
   2.5899999999999999        1.4105143268719751     
   2.6000000000000001        1.4236538426571015     
   2.6099999999999999        1.4369054497507190     
   2.6200000000000001        1.4502700350580451     
   2.6299999999999999        1.4637484907642635     
   2.6400000000000001        1.4773417143388394     
   2.6499999999999999        1.4910506085391266     
   2.6600000000000001        1.5048760814132507     
   2.6699999999999999        1.5188190463022511     
   2.6800000000000002        1.5328804218414676     
   2.6899999999999999        1.5470611319611531     
   2.7000000000000002        1.5613621058862974     
   2.7100000000000000        1.5757842781356439     
   2.7200000000000002        1.5903285885198823     
   2.7300000000000000        1.6049959821390012     
   2.7400000000000002        1.6197874093787794     
   2.7500000000000000        1.6347038259064040     
   2.7600000000000002        1.6497461926651891     
   2.7700000000000000        1.6649154758683851     
   2.7800000000000002        1.6802126469920526     
   2.7900000000000000        1.6956386827669871     
   2.8000000000000003        1.7111945651696732     
   2.8100000000000001        1.7268812814122472     
   2.8199999999999998        1.7426998239314535     
   2.8300000000000001        1.7586511903765687     
   2.8399999999999999        1.7747363835962771     
   2.8500000000000001        1.7909564116244767     
   2.8599999999999999        1.8073122876649936     
   2.8700000000000001        1.8238050300751845     
   2.8799999999999999        1.8404356623484064     
   2.8900000000000001        1.8572052130953329     
   2.8999999999999999        1.8741147160240912     
   2.9100000000000001        1.8911652099192038     
   2.9199999999999999        1.9083577386193082     
   2.9300000000000002        1.9256933509936336     
   2.9399999999999999        1.9431731009172115     
   2.9500000000000002        1.9607980472447977     
   2.9600000000000000        1.9785692537834814     
   2.9700000000000002        1.9964877892639599     
   2.9800000000000000        2.0145547273104514     
   2.9900000000000002        2.0327711464092255     
   3.0000000000000000        2.0511381298757270     
   3.0100000000000002        2.0696567658202625     
   3.0200000000000000        2.0883281471122359     
   3.0300000000000002        2.1071533713428958     
   3.0400000000000000        2.1261335407865780     
   3.0500000000000003        2.1452697623604147     
   3.0600000000000001        2.1645631475824829     
   3.0700000000000003        2.1840148125283689     
   3.0800000000000001        2.2036258777861217     
   3.0899999999999999        2.2233974684095661     
   3.1000000000000001        2.2433307138699541     
   3.1099999999999999        2.2634267480059225     
   3.1200000000000001        2.2836867089717328     
   3.1299999999999999        2.3041117391837633     
   3.1400000000000001        2.3247029852652292     
   3.1499999999999999        2.3454615979890994     
   3.1600000000000001        2.3663887322191837     
   3.1699999999999999        2.3874855468493634     
   3.1800000000000002        2.4087532047409321     
   3.1899999999999999        2.4301928726580240     
   3.2000000000000002        2.4518057212010977     
   3.2100000000000000        2.4735929247384458     
   3.2200000000000002        2.4955556613357026     
   3.2300000000000000        2.5176951126833194     
   3.2400000000000002        2.5400124640219794     
   3.2500000000000000        2.5625089040659228     
   3.2600000000000002        2.5851856249241454     
   3.2700000000000000        2.6080438220194533     
   3.2800000000000002        2.6310846940053305     
   3.2900000000000000        2.6543094426805998     
   3.3000000000000003        2.6777192729018360     
   3.3100000000000001        2.7013153924935120     
   3.3200000000000003        2.7250990121558392     
   3.3300000000000001        2.7490713453702726     
   3.3399999999999999        2.7732336083026525     
   3.3500000000000001        2.7975870197039514     
   3.3599999999999999        2.8221328008085909     
   3.3700000000000001        2.8468721752303034     
   3.3799999999999999        2.8718063688555033     
   3.3900000000000001        2.8969366097341367     
   3.3999999999999999        2.9222641279679822     
   3.4100000000000001        2.9477901555963664     
   3.4199999999999999        2.9735159264792674     
   3.4300000000000002        2.9994426761777695     
   3.4399999999999999        3.0255716418318457     
   3.4500000000000002        3.0519040620354283     
   3.4600000000000000        3.0784411767087438     
   3.4700000000000002        3.1051842269678760     
   3.4800000000000000        3.1321344549915269     
   3.4900000000000002        3.1592931038849481     
   3.5000000000000000        3.1866614175410071     
   3.5100000000000002        3.2142406404983617     
   3.5200000000000000        3.2420320177967086     
   3.5300000000000002        3.2700367948290783     
   3.5400000000000000        3.2982562171911449     
   3.5500000000000003        3.3266915305275195     
   3.5600000000000001        3.3553439803750007     
   3.5700000000000003        3.3842148120027500     
   3.5800000000000001        3.4133052702493623     
   3.5899999999999999        3.4426165993568034     
   3.6000000000000001        3.4721500428011867     
   3.6099999999999999        3.5019068431203570     
   3.6200000000000001        3.5318882417382578     
   3.6299999999999999        3.5620954787860506     
   3.6400000000000001        3.5925297929199589     
   3.6499999999999999        3.6231924211358133     
   3.6600000000000001        3.6540845985802655     
   3.6699999999999999        3.6852075583586505     
   3.6800000000000002        3.7165625313394650     
   3.6899999999999999        3.7481507459554440     
   3.7000000000000002        3.7799734280012030     
   3.7100000000000000        3.8120318004274285     
   3.7200000000000002        3.8443270831315881     
   3.7300000000000000        3.8768604927451382     
   3.7400000000000002        3.9096332424172089     
   3.7500000000000000        3.9426465415947418     
   3.7600000000000002        3.9759015957990602     
   3.7700000000000000        4.0093996063988513     
   3.7800000000000002        4.0431417703795418     
   3.7900000000000000        4.0771292801090437     
   3.8000000000000003        4.1113633230998605     
   3.8100000000000001        4.1458450817675230     
   3.8200000000000003        4.1805757331853535     
   3.8300000000000001        4.2155564488355308     
   3.8399999999999999        4.2507883943564515     
   3.8500000000000001        4.2862727292863587     
   3.8599999999999999        4.3220106068032447     
   3.8700000000000001        4.3580031734609985     
   3.8799999999999999        4.3942515689218018     
   3.8900000000000001        4.4307569256847508     
   3.8999999999999999        4.4675203688107068     
   3.9100000000000001        4.5045430156433595     
   3.9199999999999999        4.5418259755265034     
   3.9300000000000002        4.5793703495175198     
   3.9399999999999999        4.6171772300970568     
   3.9500000000000002        4.6552477008749156     
   3.9600000000000000        4.6935828362921299     
   3.9700000000000002        4.7321837013192525     
   3.9800000000000000        4.7710513511508346     
   3.9900000000000002        4.8101868308961153     
   4.0000000000000000        4.8495911752659255     
