   0.0000000000000000        1.0000000000000000     
   1.0000000000000000E-002  0.99763789108403933     
   2.0000000000000000E-002  0.99542254987668322     
   2.9999999999999999E-002  0.99335287893812996     
   4.0000000000000001E-002  0.99142780646849127     
   5.0000000000000003E-002  0.98964628601729543     
   5.9999999999999998E-002  0.98800729619813854     
   7.0000000000000007E-002  0.98650984073829184     
   8.0000000000000002E-002  0.98515294716181623     
   8.9999999999999997E-002  0.98393566761527451     
  0.10000000000000001       0.98285707821790846     
  0.11000000000000000       0.98191627880095467     
  0.12000000000000000       0.98111239265172157     
  0.13000000000000000       0.98044456626230680     
  0.14000000000000001       0.97991196908293487     
  0.14999999999999999       0.97951379327982457     
  0.16000000000000000       0.97924925349752934     
  0.17000000000000001       0.97911758662569126     
  0.17999999999999999       0.97911805157016074     
  0.19000000000000000       0.97924992902839203     
  0.20000000000000001       0.97951252126909694     
  0.20999999999999999       0.97990515191606298     
  0.22000000000000000       0.98042716573610267     
  0.23000000000000001       0.98107792843105845     
  0.23999999999999999       0.98185682643384797     
  0.25000000000000000       0.98276326670844405     
  0.26000000000000001       0.98379667655376857     
  0.27000000000000002       0.98495650341146435     
  0.28000000000000003       0.98624221467744200     
  0.28999999999999998       0.98765329751720421     
  0.29999999999999999       0.98918925868487251     
  0.31000000000000000       0.99084962471243521     
  0.32000000000000001       0.99263394064153299     
  0.33000000000000002       0.99454177094113205     
  0.34000000000000002       0.99657269898106893     
  0.35000000000000003       0.99872632686890872     
  0.35999999999999999        1.0010022752902348     
  0.37000000000000000        1.0034001833523261     
  0.38000000000000000        1.0059197084311804     
  0.39000000000000001        1.0085605260218402     
  0.40000000000000002        1.0113223295919818     
  0.41000000000000003        1.0142048304387250     
  0.41999999999999998        1.0172077575486265     
  0.42999999999999999        1.0203308574608145     
  0.44000000000000000        1.0235738941332300     
  0.45000000000000001        1.0269366488119327     
  0.46000000000000002        1.0304189199034393     
  0.47000000000000003        1.0340205228500532     
  0.47999999999999998        1.0377412900081526     
  0.48999999999999999        1.0415810705294020     
  0.50000000000000000        1.0455397302448490     
  0.51000000000000001        1.0496171515518788     
  0.52000000000000002        1.0538132333039856     
  0.53000000000000003        1.0581278907033345     
  0.54000000000000004        1.0625610551960776     
  0.55000000000000004        1.0671126743703940     
  0.56000000000000005        1.0717827118572243     
  0.57000000000000006        1.0765711472336650     
  0.57999999999999996        1.0814779759289974     
  0.58999999999999997        1.0865032091333182     
  0.59999999999999998        1.0916468737087437     
  0.60999999999999999        1.0969090121031604     
  0.62000000000000000        1.1022896822664932     
  0.63000000000000000        1.1077889575694624     
  0.64000000000000001        1.1134069267248050     
  0.65000000000000002        1.1191436937109325     
  0.66000000000000003        1.1249993776979990     
  0.67000000000000004        1.1309741129763546     
  0.68000000000000005        1.1370680488873590     
  0.69000000000000006        1.1432813497565304     
  0.70000000000000007        1.1496141948290062     
  0.70999999999999996        1.1560667782072900     
  0.71999999999999997        1.1626393087912643     
  0.72999999999999998        1.1693320102204439     
  0.73999999999999999        1.1761451208184475     
  0.75000000000000000        1.1830788935396679     
  0.76000000000000001        1.1901335959181156     
  0.77000000000000002        1.1973095100184170     
  0.78000000000000003        1.2046069323889466     
  0.79000000000000004        1.2120261740170692     
  0.80000000000000004        1.2195675602864784     
  0.81000000000000005        1.2272314309366044     
  0.82000000000000006        1.2350181400240765     
  0.83000000000000007        1.2429280558862210     
  0.83999999999999997        1.2509615611065736     
  0.84999999999999998        1.2591190524823899     
  0.85999999999999999        1.2674009409941338     
  0.87000000000000000        1.2758076517769312     
  0.88000000000000000        1.2843396240939653     
  0.89000000000000001        1.2929973113118003     
  0.90000000000000002        1.3017811808776181     
  0.91000000000000003        1.3106917142983463     
  0.92000000000000004        1.3197294071216683     
  0.93000000000000005        1.3288947689188948     
  0.94000000000000006        1.3381883232696830     
  0.95000000000000007        1.3476106077485890     
  0.95999999999999996        1.3571621739134379     
  0.96999999999999997        1.3668435872954965     
  0.97999999999999998        1.3766554273914366     
  0.98999999999999999        1.3865982876570722     
   1.0000000000000000        1.3966727755028587     
   1.0100000000000000        1.4068795122911399     
   1.0200000000000000        1.4172191333351303     
   1.0300000000000000        1.4276922878996190     
   1.0400000000000000        1.4382996392033842     
   1.0500000000000000        1.4490418644233032     
   1.0600000000000001        1.4599196547001483     
   1.0700000000000001        1.4709337151460562     
   1.0800000000000001        1.4820847648536581     
   1.0900000000000001        1.4933735369068599     
   1.1000000000000001        1.5048007783932620     
   1.1100000000000001        1.5163672504182057     
   1.1200000000000001        1.5280737281204393     
   1.1300000000000001        1.5399210006893871     
   1.1400000000000001        1.5519098713840191     
   1.1500000000000001        1.5640411575533040     
   1.1599999999999999        1.5763156906582398     
   1.1699999999999999        1.5887343162954517     
   1.1799999999999999        1.6012978942223455     
   1.1899999999999999        1.6140072983838116     
   1.2000000000000000        1.6268634169404663     
   1.2100000000000000        1.6398671522984234     
   1.2200000000000000        1.6530194211405878     
   1.2300000000000000        1.6663211544594612     
   1.2400000000000000        1.6797732975914528     
   1.2500000000000000        1.6933768102526867     
   1.2600000000000000        1.7071326665762967     
   1.2700000000000000        1.7210418551512017     
   1.2800000000000000        1.7351053790623550     
   1.2900000000000000        1.7493242559324576     
   1.3000000000000000        1.7636995179651302     
   1.3100000000000001        1.7782322119895355     
   1.3200000000000001        1.7929233995064444     
   1.3300000000000001        1.8077741567357390     
   1.3400000000000001        1.8227855746653450     
   1.3500000000000001        1.8379587591015880     
   1.3600000000000001        1.8532948307209669     
   1.3700000000000001        1.8687949251233367     
   1.3800000000000001        1.8844601928864964     
   1.3900000000000001        1.9002917996221749     
   1.4000000000000001        1.9162909260334084     
   1.4099999999999999        1.9324587679733054     
   1.4199999999999999        1.9487965365051900     
   1.4299999999999999        1.9653054579641227     
   1.4399999999999999        1.9819867740197881     
   1.4500000000000000        1.9988417417407482     
   1.4600000000000000        2.0158716336600535     
   1.4700000000000000        2.0330777378422069     
   1.4800000000000000        2.0504613579514768     
   1.4900000000000000        2.0680238133215529     
   1.5000000000000000        2.0857664390265414     
   1.5100000000000000        2.1036905859532893     
   1.5200000000000000        2.1217976208750438     
   1.5300000000000000        2.1400889265264293     
   1.5400000000000000        2.1585659016797485     
   1.5500000000000000        2.1772299612225940     
   1.5600000000000001        2.1960825362367733     
   1.5700000000000001        2.2151250740785380     
   1.5800000000000001        2.2343590384601155     
   1.5900000000000001        2.2537859095325348     
   1.6000000000000001        2.2734071839697494     
   1.6100000000000001        2.2932243750540473     
   1.6200000000000001        2.3132390127627422     
   1.6300000000000001        2.3334526438561509     
   1.6400000000000001        2.3538668319668425     
   1.6500000000000001        2.3744831576901624     
   1.6600000000000001        2.3953032186760232     
   1.6699999999999999        2.4163286297219613     
   1.6799999999999999        2.4375610228674538     
   1.6899999999999999        2.4590020474894918     
   1.7000000000000000        2.4806533703994051     
   1.7100000000000000        2.5025166759409387     
   1.7200000000000000        2.5245936660895718     
   1.7300000000000000        2.5468860605530810     
   1.7400000000000000        2.5693955968733375     
   1.7500000000000000        2.5921240305293400     
   1.7600000000000000        2.6150731350414769     
   1.7700000000000000        2.6382447020770159     
   1.7800000000000000        2.6616405415568138     
   1.7900000000000000        2.6852624817632451     
   1.8000000000000000        2.7091123694493473     
   1.8100000000000001        2.7331920699491743     
   1.8200000000000001        2.7575034672893568     
   1.8300000000000001        2.7820484643018686     
   1.8400000000000001        2.8068289827379886     
   1.8500000000000001        2.8318469633834589     
   1.8600000000000001        2.8571043661748341     
   1.8700000000000001        2.8826031703170183     
   1.8800000000000001        2.9083453744019838     
   1.8900000000000001        2.9343329965286697     
   1.9000000000000001        2.9605680744240526     
   1.9100000000000001        2.9870526655653920     
   1.9199999999999999        3.0137888473036383     
   1.9299999999999999        3.0407787169880027     
   1.9399999999999999        3.0680243920916856     
   1.9500000000000000        3.0955280103387581     
   1.9600000000000000        3.1232917298321894     
   1.9700000000000000        3.1513177291830199     
   1.9800000000000000        3.1796082076406718     
   1.9900000000000000        3.2081653852243930     
   2.0000000000000000        3.2369915028558327     
   2.0100000000000002        3.2660888224927378     
   2.0200000000000000        3.2954596272637691     
   2.0300000000000002        3.3251062216044311     
   2.0400000000000000        3.3550309313941100     
   2.0499999999999998        3.3852361040942132     
   2.0600000000000001        3.4157241088874088     
   2.0699999999999998        3.4464973368179526     
   2.0800000000000001        3.4775582009331019     
   2.0899999999999999        3.5089091364256095     
   2.1000000000000001        3.5405526007772909     
   2.1099999999999999        3.5724910739036573     
   2.1200000000000001        3.6047270582996083     
   2.1299999999999999        3.6372630791861815     
   2.1400000000000001        3.6701016846583467     
   2.1499999999999999        3.7032454458338409     
   2.1600000000000001        3.7366969570030357     
   2.1699999999999999        3.7704588357798317     
   2.1800000000000002        3.8045337232535696     
   2.1899999999999999        3.8389242841419540     
   2.2000000000000002        3.8736332069449766     
   2.2100000000000000        3.9086632040998368     
   2.2200000000000002        3.9440170121368485     
   2.2300000000000000        3.9796973918363223     
   2.2400000000000002        4.0157071283864196     
   2.2500000000000000        4.0520490315419639     
   2.2600000000000002        4.0887259357842067     
   2.2700000000000000        4.1257407004815327     
   2.2800000000000002        4.1630962100510978     
   2.2900000000000000        4.2007953741213857     
   2.3000000000000003        4.2388411276956841     
   2.3100000000000001        4.2772364313164539     
   2.3199999999999998        4.3159842712305947     
   2.3300000000000001        4.3550876595555863     
   2.3399999999999999        4.3945496344465038     
   2.3500000000000001        4.4343732602638832     
   2.3599999999999999        4.4745616277424380     
   2.3700000000000001        4.5151178541606063     
   2.3799999999999999        4.5560450835109156     
   2.3900000000000001        4.5973464866711629     
   2.3999999999999999        4.6390252615763812     
   2.4100000000000001        4.6810846333915936     
   2.4199999999999999        4.7235278546853321     
   2.4300000000000002        4.7663582056039075     
   2.4399999999999999        4.8095789940464257     
   2.4500000000000002        4.8531935558405204     
   2.4600000000000000        4.8972052549187985     
   2.4700000000000002        4.9416174834959774     
   2.4800000000000000        4.9864336622467027     
   2.4900000000000002        5.0316572404840230     
   2.5000000000000000        5.0772916963385137     
   2.5100000000000002        5.1233405369380209     
   2.5200000000000000        5.1698072985880241     
   2.5300000000000002        5.2166955469525833     
   2.5400000000000000        5.2640088772358631     
   2.5500000000000003        5.3117509143642092     
   2.5600000000000001        5.3599253131687616     
   2.5699999999999998        5.4085357585685809     
   2.5800000000000001        5.4575859657542720     
   2.5899999999999999        5.5070796803720814     
   2.6000000000000001        5.5570206787084473     
   2.6099999999999999        5.6074127678749797     
   2.6200000000000001        5.6582597859938524     
   2.6299999999999999        5.7095656023835799     
   2.6400000000000001        5.7613341177451574     
   2.6499999999999999        5.8135692643485424     
   2.6600000000000001        5.8662750062194462     
   2.6699999999999999        5.9194553393264231     
   2.6800000000000002        5.9731142917682174     
   2.6899999999999999        6.0272559239613548     
   2.7000000000000002        6.0818843288279414     
   2.7100000000000000        6.1370036319836530     
   2.7200000000000002        6.1926179919258759     
   2.7300000000000000        6.2487316002219826     
   2.7400000000000002        6.3053486816977022     
   2.7500000000000000        6.3624734946255641     
   2.7600000000000002        6.4201103309133813     
   2.7700000000000000        6.4782635162927438     
   2.7800000000000002        6.5369374105074876     
   2.7900000000000000        6.5961364075021098     
   2.8000000000000003        6.6558649356100972     
   2.8100000000000001        6.7161274577421333     
   2.8199999999999998        6.7769284715741476     
   2.8300000000000001        6.8382725097351766     
   2.8399999999999999        6.9001641399949971     
   2.8500000000000001        6.9626079654515021     
   2.8599999999999999        7.0256086247177638     
   2.8700000000000001        7.0891707921087725     
   2.8799999999999999        7.1532991778277903     
   2.8900000000000001        7.2179985281522905     
   2.8999999999999999        7.2832736256194384     
   2.9100000000000001        7.3491292892110778     
   2.9199999999999999        7.4155703745381745     
   2.9300000000000002        7.4826017740246771     
   2.9399999999999999        7.5502284170907492     
   2.9500000000000002        7.6184552703353354     
   2.9600000000000000        7.6872873377180069     
   2.9700000000000002        7.7567296607400458     
   2.9800000000000000        7.8267873186247199     
   2.9900000000000002        7.8974654284966954     
   3.0000000000000000        7.9687691455605485     
   3.0100000000000002        8.0407036632783164     
   3.0200000000000000        8.1132742135460436     
   3.0300000000000002        8.1864860668692607     
   3.0400000000000000        8.2603445325373634     
   3.0500000000000003        8.3348549587968197     
   3.0600000000000001        8.4100227330231441     
   3.0700000000000003        8.4858532818916235     
   3.0800000000000001        8.5623520715466803     
   3.0899999999999999        8.6395246077698680     
   3.1000000000000001        8.7173764361463970     
   3.1099999999999999        8.7959131422301677     
   3.1200000000000001        8.8751403517072269     
   3.1299999999999999        8.9550637305575886     
   3.1400000000000001        9.0356889852153657     
   3.1499999999999999        9.1170218627271371     
   3.1600000000000001        9.1990681509084968     
   3.1699999999999999        9.2818336784986997     
   3.1800000000000002        9.3653243153133658     
   3.1899999999999999        9.4495459723951445     
   3.2000000000000002        9.5345046021622863     
   3.2100000000000000        9.6202061985550475     
   3.2200000000000002        9.7066567971798516     
   3.2300000000000000        9.7938624754511423     
   3.2400000000000002        9.8818293527308505     
   3.2500000000000000        9.9705635904653853     
   3.2600000000000002        10.060071392320099     
   3.2700000000000000        10.150359004311127     
   3.2800000000000002        10.241432714934527     
   3.2900000000000000        10.333298855292648     
   3.3000000000000003        10.425963799217630     
   3.3100000000000001        10.519433963391961     
   3.3200000000000003        10.613715807466011     
   3.3300000000000001        10.708815834172452     
   3.3399999999999999        10.804740589437460     
   3.3500000000000001        10.901496662488656     
   3.3599999999999999        10.999090685959638     
   3.3700000000000001        11.097529335991064     
   3.3799999999999999        11.196819332328158     
   3.3900000000000001        11.296967438414562     
   3.3999999999999999        11.397980461482446     
   3.4100000000000001        11.499865252638751     
   3.4199999999999999        11.602628706947497     
   3.4300000000000002        11.706277763508048     
   3.4399999999999999        11.810819405529214     
   3.4500000000000002        11.916260660399121     
   3.4600000000000000        12.022608599750718     
   3.4700000000000002        12.129870339522832     
   3.4800000000000000        12.238053040016649     
   3.4900000000000002        12.347163905947536     
   3.5000000000000000        12.457210186492073     
   3.5100000000000002        12.568199175330196     
   3.5200000000000000        12.680138210682337     
   3.5300000000000002        12.793034675341435     
   3.5400000000000000        12.906895996699731     
   3.5500000000000003        13.021729646770206     
   3.5600000000000001        13.137543142202544     
   3.5700000000000003        13.254344044293520     
   3.5800000000000001        13.372139958991673     
   3.5899999999999999        13.490938536896151     
   3.6000000000000001        13.610747473249596     
   3.6099999999999999        13.731574507924957     
   3.6200000000000001        13.853427425406101     
   3.6299999999999999        13.976314054762069     
   3.6400000000000001        14.100242269614890     
   3.6499999999999999        14.225219988100790     
   3.6600000000000001        14.351255172824663     
   3.6699999999999999        14.478355830807706     
   3.6800000000000002        14.606530013428022     
   3.6899999999999999        14.735785816354122     
   3.7000000000000002        14.866131379471122     
   3.7100000000000000        14.997574886799557     
   3.7200000000000002        15.130124566406618     
   3.7300000000000000        15.263788690309701     
   3.7400000000000002        15.398575574372114     
   3.7500000000000000        15.534493578190800     
   3.7600000000000002        15.671551104975922     
   3.7700000000000000        15.809756601422173     
   3.7800000000000002        15.949118557571644     
   3.7900000000000000        16.089645506668120     
   3.8000000000000003        16.231346025002633     
   3.8100000000000001        16.374228731750147     
   3.8200000000000003        16.518302288797170     
   3.8300000000000001        16.663575400560191     
   3.8399999999999999        16.810056813794755     
   3.8500000000000001        16.957755317395016     
   3.8599999999999999        17.106679742183630     
   3.8700000000000001        17.256838960691798     
   3.8799999999999999        17.408241886929321     
   3.8900000000000001        17.560897476144500     
   3.8999999999999999        17.714814724573699     
   3.9100000000000001        17.870002669180415     
   3.9199999999999999        18.026470387383718     
   3.9300000000000002        18.184226996775827     
   3.9399999999999999        18.343281654828736     
   3.9500000000000002        18.503643558589655     
   3.9600000000000000        18.665321944365115     
   3.9700000000000002        18.828326087393592     
   3.9800000000000000        18.992665301506424     
   3.9900000000000002        19.158348938776928     
   4.0000000000000000        19.325386389157451     
