   0.0000000000000000        0.0000000000000000     
   1.0000000000000000E-002   1.0448779595000289E-005
   2.0000000000000000E-002   2.1345294724107180E-005
   2.9999999999999999E-002   3.2688567150504731E-005
   4.0000000000000001E-002   4.4477683953334372E-005
   5.0000000000000003E-002   5.6711797031334703E-005
   5.9999999999999998E-002   6.9390122618096230E-005
   7.0000000000000007E-002   8.2511940745832440E-005
   8.0000000000000002E-002   9.6076594915491876E-005
   8.9999999999999997E-002   1.1008349157682926E-004
  0.10000000000000001        1.2453209968872766E-004
  0.11000000000000000        1.3942195029044530E-004
  0.12000000000000000        1.5475263608366488E-004
  0.13000000000000000        1.7052381102520886E-004
  0.14000000000000001        1.8673518993030249E-004
  0.14999999999999999        2.0338654808625900E-004
  0.16000000000000000        2.2047772087646636E-004
  0.17000000000000001        2.3800860341455791E-004
  0.17999999999999999        2.5597915018864753E-004
  0.19000000000000000        2.7438937471552325E-004
  0.20000000000000001        2.9323934920467677E-004
  0.20999999999999999        3.1252920423206651E-004
  0.22000000000000000        3.3225912842350420E-004
  0.23000000000000001        3.5242936814755852E-004
  0.23999999999999999        3.7304022721787309E-004
  0.25000000000000000        3.9409206660479603E-004
  0.26000000000000001        4.1558530415622196E-004
  0.27000000000000002        4.3752041432754780E-004
  0.28000000000000003        4.5989792792064653E-004
  0.28999999999999998        4.8271843183176428E-004
  0.29999999999999999        5.0598256880824842E-004
  0.31000000000000000        5.2969103714406028E-004
  0.32000000000000001        5.5384459058861637E-004
  0.33000000000000002        5.7844403806469745E-004
  0.34000000000000002        6.0349024345960711E-004
  0.35000000000000003        6.2898412542472287E-004
  0.35999999999999999        6.5492665718336080E-004
  0.37000000000000000        6.8131886634686988E-004
  0.38000000000000000        7.0816183473887873E-004
  0.39000000000000001        7.3545669822761689E-004
  0.40000000000000002        7.6320464656623400E-004
  0.41000000000000003        7.9140692324104278E-004
  0.41999999999999998        8.2006482532761226E-004
  0.42999999999999999        8.4917970335464063E-004
  0.44000000000000000        8.7875296117553619E-004
  0.45000000000000001        9.0878605584763877E-004
  0.46000000000000002        9.3928049751901374E-004
  0.47000000000000003        9.7023784932275263E-004
  0.47999999999999998        1.0016597272787156E-003
  0.48999999999999999        1.0335478002026532E-003
  0.50000000000000000        1.0659037896226440E-003
  0.51000000000000001        1.0987294697027889E-003
  0.52000000000000002        1.1320266671741022E-003
  0.53000000000000003        1.1657972612725395E-003
  0.54000000000000004        1.2000431836841092E-003
  0.55000000000000004        1.2347664184970079E-003
  0.56000000000000005        1.2699690021607275E-003
  0.57000000000000006        1.3056530234520796E-003
  0.57999999999999996        1.3418206234480862E-003
  0.58999999999999997        1.3784739955056838E-003
  0.59999999999999998        1.4156153852481919E-003
  0.60999999999999999        1.4532470905584971E-003
  0.62000000000000000        1.4913714615789051E-003
  0.63000000000000000        1.5299909007176137E-003
  0.64000000000000001        1.5691078626617597E-003
  0.65000000000000002        1.6087248543969978E-003
  0.66000000000000003        1.6488444352335662E-003
  0.67000000000000004        1.6894692168387955E-003
  0.68000000000000005        1.7306018632760214E-003
  0.69000000000000006        1.7722450910498588E-003
  0.70000000000000007        1.8144016691577975E-003
  0.70999999999999996        1.8570744191480837E-003
  0.71999999999999997        1.9002662151838428E-003
  0.72999999999999998        1.9439799841134166E-003
  0.73999999999999999        1.9882187055468674E-003
  0.75000000000000000        2.0329854119386227E-003
  0.76000000000000001        2.0782831886762233E-003
  0.77000000000000002        2.1241151741751389E-003
  0.78000000000000003        2.1704845599796233E-003
  0.79000000000000004        2.2173945908695717E-003
  0.80000000000000004        2.2648485649733562E-003
  0.81000000000000005        2.3128498338866009E-003
  0.82000000000000006        2.3614018027968762E-003
  0.83000000000000007        2.4105079306142763E-003
  0.83999999999999997        2.4601717301078554E-003
  0.84999999999999998        2.5103967680478955E-003
  0.85999999999999999        2.5611866653539794E-003
  0.87000000000000000        2.6125450972488405E-003
  0.88000000000000000        2.6644757934179710E-003
  0.89000000000000001        2.7169825381749540E-003
  0.90000000000000002        2.7700691706325086E-003
  0.91000000000000003        2.8237395848792124E-003
  0.92000000000000004        2.8779977301618895E-003
  0.93000000000000005        2.9328476110736354E-003
  0.94000000000000006        2.9882932877474621E-003
  0.95000000000000007        3.0443388760555408E-003
  0.95999999999999996        3.1009885478140227E-003
  0.96999999999999997        3.1582465309934219E-003
  0.97999999999999998        3.2161171099345360E-003
  0.98999999999999999        3.2746046255698897E-003
   1.0000000000000000        3.3337134756506893E-003
   1.0100000000000000        3.3934481149792582E-003
   1.0200000000000000        3.4538130556469523E-003
   1.0300000000000000        3.5148128672775275E-003
   1.0400000000000000        3.5764521772759504E-003
   1.0500000000000000        3.6387356710826367E-003
   1.0600000000000001        3.7016680924331015E-003
   1.0700000000000001        3.7652542436230093E-003
   1.0800000000000001        3.8294989857786104E-003
   1.0900000000000001        3.8944072391325470E-003
   1.1000000000000001        3.9599839833050262E-003
   1.1100000000000001        4.0262342575903380E-003
   1.1200000000000001        4.0931631612487092E-003
   1.1300000000000001        4.1607758538034908E-003
   1.1400000000000001        4.2290775553436534E-003
   1.1500000000000001        4.2980735468315951E-003
   1.1599999999999999        4.3677691704162424E-003
   1.1699999999999999        4.4381698297514382E-003
   1.1799999999999999        4.5092809903196102E-003
   1.1899999999999999        4.5811081797607050E-003
   1.2000000000000000        4.6536569882063865E-003
   1.2100000000000000        4.7269330686194842E-003
   1.2200000000000000        4.8009421371386909E-003
   1.2300000000000000        4.8756899734284974E-003
   1.2400000000000000        4.9511824210343551E-003
   1.2500000000000000        5.0274253877430697E-003
   1.2600000000000000        5.1044248459484092E-003
   1.2700000000000000        5.1821868330219241E-003
   1.2800000000000000        5.2607174516889760E-003
   1.2900000000000000        5.3400228704099653E-003
   1.3000000000000000        5.4201093237667601E-003
   1.3100000000000001        5.5009831128543058E-003
   1.3200000000000001        5.5826506056774325E-003
   1.3300000000000001        5.6651182375528327E-003
   1.3400000000000001        5.7483925115162258E-003
   1.3500000000000001        5.8324799987346859E-003
   1.3600000000000001        5.9173873389241497E-003
   1.3700000000000001        6.0031212407720760E-003
   1.3800000000000001        6.0896884823652799E-003
   1.3900000000000001        6.1770959116229148E-003
   1.4000000000000001        6.2653504467346157E-003
   1.4099999999999999        6.3544590766037874E-003
   1.4199999999999999        6.4444288612960469E-003
   1.4299999999999999        6.5352669324928109E-003
   1.4399999999999999        6.6269804939500165E-003
   1.4500000000000000        6.7195768219619955E-003
   1.4600000000000000        6.8130632658304734E-003
   1.4700000000000000        6.9074472483387096E-003
   1.4800000000000000        7.0027362662307673E-003
   1.4900000000000000        7.0989378906959116E-003
   1.5000000000000000        7.1960597678581333E-003
   1.5100000000000000        7.2941096192708004E-003
   1.5200000000000000        7.3930952424164252E-003
   1.5300000000000000        7.4930245112115575E-003
   1.5400000000000000        7.5939053765167863E-003
   1.5500000000000000        7.6957458666518626E-003
   1.5600000000000001        7.7985540879159290E-003
   1.5700000000000001        7.9023382251128555E-003
   1.5800000000000001        8.0071065420816937E-003
   1.5900000000000001        8.1128673822322105E-003
   1.6000000000000001        8.2196291690855520E-003
   1.6100000000000001        8.3274004068199740E-003
   1.6200000000000001        8.4361896808216926E-003
   1.6300000000000001        8.5460056582408080E-003
   1.6400000000000001        8.6568570885523204E-003
   1.6500000000000001        8.7687528041222335E-003
   1.6600000000000001        8.8817017207787358E-003
   1.6699999999999999        8.9957128383884519E-003
   1.6799999999999999        9.1107952414377774E-003
   1.6899999999999999        9.2269580996192698E-003
   1.7000000000000000        9.3442106684231089E-003
   1.7100000000000000        9.4625622897336129E-003
   1.7200000000000000        9.5820223924308091E-003
   1.7300000000000000        9.7026004929970482E-003
   1.7400000000000000        9.8243061961286720E-003
   1.7500000000000000        9.9471491953526982E-003
   1.7600000000000000        1.0071139273648552E-002
   1.7700000000000000        1.0196286304074809E-002
   1.7800000000000000        1.0322600250400969E-002
   1.7900000000000000        1.0450091167744218E-002
   1.8000000000000000        1.0578769203211210E-002
   1.8100000000000001        1.0708644596544834E-002
   1.8200000000000001        1.0839727680775960E-002
   1.8300000000000001        1.0972028882880173E-002
   1.8400000000000001        1.1105558724439465E-002
   1.8500000000000001        1.1240327822308879E-002
   1.8600000000000001        1.1376346889288111E-002
   1.8700000000000001        1.1513626734798043E-002
   1.8800000000000001        1.1652178265562189E-002
   1.8900000000000001        1.1792012486293068E-002
   1.9000000000000001        1.1933140500383462E-002
   1.9100000000000001        1.2075573510602578E-002
   1.9199999999999999        1.2219322819797060E-002
   1.9299999999999999        1.2364399831596880E-002
   1.9399999999999999        1.2510816051126061E-002
   1.9500000000000000        1.2658583085718229E-002
   1.9600000000000000        1.2807712645636977E-002
   1.9700000000000000        1.2958216544801034E-002
   1.9800000000000000        1.3110106701514190E-002
   1.9900000000000000        1.3263395139199998E-002
   2.0000000000000000        1.3418093987141212E-002
   2.0100000000000002        1.3574215481223935E-002
   2.0200000000000000        1.3731771964686479E-002
   2.0300000000000002        1.3890775888872898E-002
   2.0400000000000000        1.4051239813991173E-002
   2.0499999999999998        1.4213176409876032E-002
   2.0600000000000001        1.4376598456756377E-002
   2.0699999999999998        1.4541518846027298E-002
   2.0800000000000001        1.4707950581026643E-002
   2.0899999999999999        1.4875906777816108E-002
   2.1000000000000001        1.5045400665966846E-002
   2.1099999999999999        1.5216445589349542E-002
   2.1200000000000001        1.5389055006928930E-002
   2.1299999999999999        1.5563242493562723E-002
   2.1400000000000001        1.5739021740804930E-002
   2.1499999999999999        1.5916406557713515E-002
   2.1600000000000001        1.6095410871662375E-002
   2.1699999999999999        1.6276048729157586E-002
   2.1800000000000002        1.6458334296657908E-002
   2.1899999999999999        1.6642281861399478E-002
   2.2000000000000002        1.6827905832224672E-002
   2.2100000000000000        1.7015220740415109E-002
   2.2200000000000002        1.7204241240528707E-002
   2.2300000000000000        1.7394982111240805E-002
   2.2400000000000002        1.7587458256189278E-002
   2.2500000000000000        1.7781684704823594E-002
   2.2600000000000002        1.7977676613257779E-002
   2.2700000000000000        1.8175449265127239E-002
   2.2800000000000002        1.8375018072449397E-002
   2.2900000000000000        1.8576398576488063E-002
   2.3000000000000003        1.8779606448621530E-002
   2.3100000000000001        1.8984657491214297E-002
   2.3199999999999998        1.9191567638492404E-002
   2.3300000000000001        1.9400352957422286E-002
   2.3399999999999999        1.9611029648593108E-002
   2.3500000000000001        1.9823614047102506E-002
   2.3599999999999999        2.0038122623445700E-002
   2.3700000000000001        2.0254571984407877E-002
   2.3799999999999999        2.0472978873959793E-002
   2.3900000000000001        2.0693360174156548E-002
   2.3999999999999999        2.0915732906039427E-002
   2.4100000000000001        2.1140114230540755E-002
   2.4199999999999999        2.1366521449391704E-002
   2.4300000000000002        2.1594972006032956E-002
   2.4399999999999999        2.1825483486528137E-002
   2.4500000000000002        2.2058073620479991E-002
   2.4600000000000000        2.2292760281949150E-002
   2.4700000000000002        2.2529561490375456E-002
   2.4800000000000000        2.2768495411501746E-002
   2.4900000000000002        2.3009580358299996E-002
   2.5000000000000000        2.3252834791899747E-002
   2.5100000000000002        2.3498277322518728E-002
   2.5200000000000000        2.3745926710395548E-002
   2.5300000000000002        2.3995801866724394E-002
   2.5400000000000000        2.4247921854591643E-002
   2.5500000000000003        2.4502305889914242E-002
   2.5600000000000001        2.4758973342379791E-002
   2.5699999999999998        2.5017943736388215E-002
   2.5800000000000001        2.5279236751994894E-002
   2.5899999999999999        2.5542872225855176E-002
   2.6000000000000001        2.5808870152170139E-002
   2.6099999999999999        2.6077250683633466E-002
   2.6200000000000001        2.6348034132379353E-002
   2.6299999999999999        2.6621240970931315E-002
   2.6400000000000001        2.6896891833151731E-002
   2.6499999999999999        2.7175007515192060E-002
   2.6600000000000001        2.7455608976443547E-002
   2.6699999999999999        2.7738717340488311E-002
   2.6800000000000002        2.8024353896050676E-002
   2.6899999999999999        2.8312540097948598E-002
   2.7000000000000002        2.8603297568045048E-002
   2.7100000000000000        2.8896648096199223E-002
   2.7200000000000002        2.9192613641217401E-002
   2.7300000000000000        2.9491216331803325E-002
   2.7400000000000002        2.9792478467507953E-002
   2.7500000000000000        3.0096422519678388E-002
   2.7600000000000002        3.0403071132405857E-002
   2.7700000000000000        3.0712447123472576E-002
   2.7800000000000002        3.1024573485297309E-002
   2.7900000000000000        3.1339473385879474E-002
   2.8000000000000003        3.1657170169741601E-002
   2.8100000000000001        3.1977687358869994E-002
   2.8199999999999998        3.2301048653653373E-002
   2.8300000000000001        3.2627277933819337E-002
   2.8399999999999999        3.2956399259368462E-002
   2.8500000000000001        3.3288436871505844E-002
   2.8599999999999999        3.3623415193569858E-002
   2.8700000000000001        3.3961358831957986E-002
   2.8799999999999999        3.4302292577049441E-002
   2.8900000000000001        3.4646241404124450E-002
   2.8999999999999999        3.4993230474279942E-002
   2.9100000000000001        3.5343285135341448E-002
   2.9199999999999999        3.5696430922770958E-002
   2.9300000000000002        3.6052693560570559E-002
   2.9399999999999999        3.6412098962181574E-002
   2.9500000000000002        3.6774673231379035E-002
   2.9600000000000000        3.7140442663161181E-002
   2.9700000000000002        3.7509433744633808E-002
   2.9800000000000000        3.7881673155889153E-002
   2.9900000000000002        3.8257187770879171E-002
   3.0000000000000000        3.8636004658282805E-002
   3.0100000000000002        3.9018151082367121E-002
   3.0200000000000000        3.9403654503842013E-002
   3.0300000000000002        3.9792542580708135E-002
   3.0400000000000000        4.0184843169097900E-002
   3.0500000000000003        4.0580584324109194E-002
   3.0600000000000001        4.0979794300631554E-002
   3.0700000000000003        4.1382501554164529E-002
   3.0800000000000001        4.1788734741627892E-002
   3.0899999999999999        4.2198522722163491E-002
   3.1000000000000001        4.2611894557928340E-002
   3.1099999999999999        4.3028879514878729E-002
   3.1200000000000001        4.3449507063545001E-002
   3.1299999999999999        4.3873806879796667E-002
   3.1400000000000001        4.4301808845597597E-002
   3.1499999999999999        4.4733543049750905E-002
   3.1600000000000001        4.5169039788633243E-002
   3.1699999999999999        4.5608329566918120E-002
   3.1800000000000002        4.6051443098287972E-002
   3.1899999999999999        4.6498411306134559E-002
   3.2000000000000002        4.6949265324247431E-002
   3.2100000000000000        4.7404036497490011E-002
   3.2200000000000002        4.7862756382463012E-002
   3.2300000000000000        4.8325456748154798E-002
   3.2400000000000002        4.8792169576578281E-002
   3.2500000000000000        4.9262927063394059E-002
   3.2600000000000002        4.9737761618519304E-002
   3.2700000000000000        5.0216705866722125E-002
   3.2800000000000002        5.0699792648200945E-002
   3.2900000000000000        5.1187055019148484E-002
   3.3000000000000003        5.1678526252300024E-002
   3.3100000000000001        5.2174239837465441E-002
   3.3200000000000003        5.2674229482044699E-002
   3.3300000000000001        5.3178529111526263E-002
   3.3399999999999999        5.3687172869968137E-002
   3.3500000000000001        5.4200195120460981E-002
   3.3599999999999999        5.4717630445572971E-002
   3.3700000000000001        5.5239513647775851E-002
   3.3799999999999999        5.5765879749851838E-002
   3.3900000000000001        5.6296763995280850E-002
   3.3999999999999999        5.6832201848607634E-002
   3.4100000000000001        5.7372228995788310E-002
   3.4199999999999999        5.7916881344515891E-002
   3.4300000000000002        5.8466195024524256E-002
   3.4399999999999999        5.9020206387870131E-002
   3.4500000000000002        5.9578952009192589E-002
   3.4600000000000000        6.0142468685949552E-002
   3.4700000000000002        6.0710793438630832E-002
   3.4800000000000000        6.1283963510947170E-002
   3.4900000000000002        6.1862016369994777E-002
   3.5000000000000000        6.2444989706394893E-002
   3.5100000000000002        6.3032921434407793E-002
   3.5200000000000000        6.3625849692020744E-002
   3.5300000000000002        6.4223812841009351E-002
   3.5400000000000000        6.4826849466971814E-002
   3.5500000000000003        6.5434998379335529E-002
   3.5600000000000001        6.6048298611335418E-002
   3.5700000000000003        6.6666789419963526E-002
   3.5800000000000001        6.7290510285889310E-002
   3.5899999999999999        6.7919500913349973E-002
   3.6000000000000001        6.8553801230010439E-002
   3.6099999999999999        6.9193451386792171E-002
   3.6200000000000001        6.9838491757670498E-002
   3.6299999999999999        7.0488962939439667E-002
   3.6400000000000001        7.1144905751445137E-002
   3.6499999999999999        7.1806361235282487E-002
   3.6600000000000001        7.2473370654462368E-002
   3.6699999999999999        7.3145975494040824E-002
   3.6800000000000002        7.3824217460214475E-002
   3.6899999999999999        7.4508138479879873E-002
   3.7000000000000002        7.5197780700156452E-002
   3.7100000000000000        7.5893186487872438E-002
   3.7200000000000002        7.6594398429013028E-002
   3.7300000000000000        7.7301459328130387E-002
   3.7400000000000002        7.8014412207714615E-002
   3.7500000000000000        7.8733300307525220E-002
   3.7600000000000002        7.9458167083882314E-002
   3.7700000000000000        8.0189056208917003E-002
   3.7800000000000002        8.0926011569780229E-002
   3.7900000000000000        8.1669077267809531E-002
   3.8000000000000003        8.2418297617652889E-002
   3.8100000000000001        8.3173717146349163E-002
   3.8200000000000003        8.3935380592364411E-002
   3.8300000000000001        8.4703332904583345E-002
   3.8399999999999999        8.5477619241255395E-002
   3.8500000000000001        8.6258284968894566E-002
   3.8599999999999999        8.7045375661132560E-002
   3.8700000000000001        8.7838937097524342E-002
   3.8799999999999999        8.8639015262305651E-002
   3.8900000000000001        8.9445656343101546E-002
   3.8999999999999999        9.0258906729585531E-002
   3.9100000000000001        9.1078813012088491E-002
   3.9199999999999999        9.1905421980156679E-002
   3.9300000000000002        9.2738780621058198E-002
   3.9399999999999999        9.3578936118237227E-002
   3.9500000000000002        9.4425935849715356E-002
   3.9600000000000000        9.5279827386439253E-002
   3.9700000000000002        9.6140658490574071E-002
   3.9800000000000000        9.7008477113741873E-002
   3.9900000000000002        9.7883331395204387E-002
   4.0000000000000000        9.8765269659989469E-002
