   0.0000000000000000        0.0000000000000000     
   1.0000000000000000E-002   0.0000000000000000     
   2.0000000000000000E-002   3.0000000000000001E-005
   2.9999999999999999E-002   8.9845325344151946E-005
   4.0000000000000001E-002   1.7938191672252943E-004
   5.0000000000000003E-002   2.9845632742922973E-004
   5.9999999999999998E-002   4.4691572063311805E-004
   7.0000000000000007E-002   6.2460786666114704E-004
   8.0000000000000002E-002   8.3138114029418563E-004
   8.9999999999999997E-002   1.0670845180752908E-003
  0.10000000000000001        1.3315675756303575E-003
  0.11000000000000000        1.6246804850010808E-003
  0.12000000000000000        1.9462740119901680E-003
  0.13000000000000000        2.2961995135187341E-003
  0.14000000000000001        2.6743089349958180E-003
  0.14999999999999999        3.0804548076999584E-003
  0.16000000000000000        3.5144902461727639E-003
  0.17000000000000001        3.9762689456244189E-003
  0.17999999999999999        4.4656451793510556E-003
  0.19000000000000000        4.9824737961639432E-003
  0.20000000000000001        5.5266102178304251E-003
  0.20999999999999999        6.0979104365265413E-003
  0.22000000000000000        6.6962310123012854E-003
  0.23000000000000001        7.3214290705524293E-003
  0.23999999999999999        7.9733622995138611E-003
  0.25000000000000000        8.6518889477543697E-003
  0.26000000000000001        9.3568678216878302E-003
  0.27000000000000002        1.0088158283094723E-002
  0.28000000000000003        1.0845620246654929E-002
  0.28999999999999998        1.1629114177491752E-002
  0.29999999999999999        1.2438501088727098E-002
  0.31000000000000000        1.3273642539047774E-002
  0.32000000000000001        1.4134400630282833E-002
  0.33000000000000002        1.5020638004991916E-002
  0.34000000000000002        1.5932217844064542E-002
  0.35000000000000003        1.6869003864330278E-002
  0.35999999999999999        1.7830860316179746E-002
  0.37000000000000000        1.8817651981196424E-002
  0.38000000000000000        1.9829244169799139E-002
  0.39000000000000001        2.0865502718895271E-002
  0.40000000000000002        2.1926293989544543E-002
  0.41000000000000003        2.3011484864633412E-002
  0.41999999999999998        2.4120942746559945E-002
  0.42999999999999999        2.5254535554929174E-002
  0.44000000000000000        2.6412131724258860E-002
  0.45000000000000001        2.7593600201695618E-002
  0.46000000000000002        2.8798810444741359E-002
  0.47000000000000003        3.0027632418989973E-002
  0.47999999999999998        3.1279936595874240E-002
  0.48999999999999999        3.2555593950422901E-002
  0.50000000000000000        3.3854475959027810E-002
  0.51000000000000001        3.5176454597221192E-002
  0.52000000000000002        3.6521402337462892E-002
  0.53000000000000003        3.7889192146937568E-002
  0.54000000000000004        3.9279697485361836E-002
  0.55000000000000004        4.0692792302801262E-002
  0.56000000000000005        4.2128351037497173E-002
  0.57000000000000006        4.3586248613703263E-002
  0.57999999999999996        4.5066360439531890E-002
  0.58999999999999997        4.6568562404810089E-002
  0.59999999999999998        4.8092730878945188E-002
  0.60999999999999999        4.9638742708800039E-002
  0.62000000000000000        5.1206475216577771E-002
  0.63000000000000000        5.2795806197716046E-002
  0.64000000000000001        5.4406613918790765E-002
  0.65000000000000002        5.6038777115429185E-002
  0.66000000000000003        5.7692174990232395E-002
  0.67000000000000004        5.9366687210707106E-002
  0.68000000000000005        6.1062193907206720E-002
  0.69000000000000006        6.2778575670881631E-002
  0.70000000000000007        6.4515713551638695E-002
  0.70999999999999996        6.6273489056109872E-002
  0.71999999999999997        6.8051784145629929E-002
  0.72999999999999998        6.9850481234223286E-002
  0.73999999999999999        7.1669463186599724E-002
  0.75000000000000000        7.3508613316159252E-002
  0.76000000000000001        7.5367815383005729E-002
  0.77000000000000002        7.7246953591969536E-002
  0.78000000000000003        7.9145912590638953E-002
  0.79000000000000004        8.1064577467400478E-002
  0.80000000000000004        8.3002833749487775E-002
  0.81000000000000005        8.4960567401039480E-002
  0.82000000000000006        8.6937664821165592E-002
  0.83000000000000007        8.8934012842022556E-002
  0.83999999999999997        9.0949498726896977E-002
  0.84999999999999998        9.2984010168297840E-002
  0.85999999999999999        9.5037435286057292E-002
  0.87000000000000000        9.7109662625439908E-002
  0.88000000000000000        9.9200581155260412E-002
  0.89000000000000001       0.10131008026600978     
  0.90000000000000002       0.10343804976798979     
  0.91000000000000003       0.10558437988945578     
  0.92000000000000004       0.10774896127476784     
  0.93000000000000005       0.10993168498255015     
  0.94000000000000006       0.11213244248385865     
  0.95000000000000007       0.11435112566035675     
  0.95999999999999996       0.11658762680249934     
  0.96999999999999997       0.11884183860772479     
  0.97999999999999998       0.12111365417865511     
  0.98999999999999999       0.12340296702130406     
   1.0000000000000000       0.12570967104329336     
   1.0100000000000000       0.12803366055207679     
   1.0200000000000000       0.13037483025317229     
   1.0300000000000000       0.13273307524840178     
   1.0400000000000000       0.13510829103413913     
   1.0500000000000000       0.13750037349956568     
   1.0600000000000001       0.13990921892493369     
   1.0700000000000001       0.14233472397983754     
   1.0800000000000001       0.14477678572149258     
   1.0900000000000001       0.14723530159302173     
   1.1000000000000001       0.14971016942174969     
   1.1100000000000001       0.15220128741750485     
   1.1200000000000001       0.15470855417092860     
   1.1300000000000001       0.15723186865179239     
   1.1400000000000001       0.15977113020732225     
   1.1500000000000001       0.16232623856053069     
   1.1599999999999999       0.16489709380855619     
   1.1699999999999999       0.16748359642101002     
   1.1799999999999999       0.17008564723833050     
   1.1899999999999999       0.17270314747014454     
   1.2000000000000000       0.17533599869363659     
   1.2100000000000000       0.17798410285192484     
   1.2200000000000000       0.18064736225244465     
   1.2300000000000000       0.18332567956533921     
   1.2400000000000000       0.18601895782185746     
   1.2500000000000000       0.18872710041275909     
   1.2600000000000000       0.19145001108672674     
   1.2700000000000000       0.19418759394878526     
   1.2800000000000000       0.19693975345872802     
   1.2900000000000000       0.19970639442955029     
   1.3000000000000000       0.20248742202588971     
   1.3100000000000001       0.20528274176247355     
   1.3200000000000001       0.20809225950257310     
   1.3300000000000001       0.21091588145646484     
   1.3400000000000001       0.21375351417989866     
   1.3500000000000001       0.21660506457257273     
   1.3600000000000001       0.21947043987661541     
   1.3700000000000001       0.22234954767507381     
   1.3800000000000001       0.22524229589040923     
   1.3900000000000001       0.22814859278299926     
   1.4000000000000001       0.23106834694964659     
   1.4099999999999999       0.23400146732209462     
   1.4199999999999999       0.23694786316554961     
   1.4299999999999999       0.23990744407720951     
   1.4399999999999999       0.24288011998479939     
   1.4500000000000000       0.24586580114511342     
   1.4600000000000000       0.24886439814256339     
   1.4700000000000000       0.25187582188773383     
   1.4800000000000000       0.25489998361594352     
   1.4900000000000000       0.25793679488581356     
   1.5000000000000000       0.26098616757784171     
   1.5100000000000000       0.26404801389298332     
   1.5200000000000000       0.26712224635123860     
   1.5300000000000000       0.27020877779024616     
   1.5400000000000000       0.27330752136388298     
   1.5500000000000000       0.27641839054087058     
   1.5600000000000001       0.27954129910338760     
   1.5700000000000001       0.28267616114568850     
   1.5800000000000001       0.28582289107272862     
   1.5900000000000001       0.28898140359879521     
   1.6000000000000001       0.29215161374614496     
   1.6100000000000001       0.29533343684364727     
   1.6200000000000001       0.29852678852543413     
   1.6300000000000001       0.30173158472955569     
   1.6400000000000001       0.30494774169664202     
   1.6500000000000001       0.30817517596857102     
   1.6600000000000001       0.31141380438714228     
   1.6699999999999999       0.31466354409275676     
   1.6799999999999999       0.31792431252310288     
   1.6899999999999999       0.32119602741184811     
   1.7000000000000000       0.32447860678733664     
   1.7100000000000000       0.32777196897129313     
   1.7200000000000000       0.33107603257753199     
   1.7300000000000000       0.33439071651067287     
   1.7400000000000000       0.33771593996486166     
   1.7500000000000000       0.34105162242249748     
   1.7600000000000000       0.34439768365296547     
   1.7700000000000000       0.34775404371137519     
   1.7800000000000000       0.35112062293730478     
   1.7900000000000000       0.35449734195355109     
   1.8000000000000000       0.35788412166488509     
   1.8100000000000001       0.36128088325681318     
   1.8200000000000001       0.36468754819434418     
   1.8300000000000001       0.36810403822076182     
   1.8400000000000001       0.37153027535640276     
   1.8500000000000001       0.37496618189744052     
   1.8600000000000001       0.37841168041467449     
   1.8700000000000001       0.38186669375232485     
   1.8800000000000001       0.38533114502683280     
   1.8900000000000001       0.38880495762566636     
   1.9000000000000001       0.39228805520613147     
   1.9100000000000001       0.39578036169418890     
   1.9199999999999999       0.39928180128327606     
   1.9299999999999999       0.40279229843313469     
   1.9399999999999999       0.40631177786864364     
   1.9500000000000000       0.40984016457865702     
   1.9600000000000000       0.41337738381484790     
   1.9700000000000000       0.41692336109055705     
   1.9800000000000000       0.42047802217964708     
   1.9900000000000000       0.42404129311536193     
   2.0000000000000000       0.42761310018919141     
   2.0100000000000002       0.43119336994974133     
   2.0200000000000000       0.43478202920160830     
   2.0300000000000002       0.43837900500426030     
   2.0400000000000000       0.44198422467092191     
   2.0499999999999998       0.44559761576746509     
   2.0600000000000001       0.44921910611130478     
   2.0699999999999998       0.45284862377029983     
   2.0800000000000001       0.45648609706165888     
   2.0899999999999999       0.46013145455085136     
   2.1000000000000001       0.46378462505052348     
   2.1099999999999999       0.46744553761941937     
   2.1200000000000001       0.47111412156130711     
   2.1299999999999999       0.47479030642390979     
   2.1400000000000001       0.47847402199784161     
   2.1499999999999999       0.48216519831554877     
   2.1600000000000001       0.48586376565025535     
   2.1699999999999999       0.48956965451491424     
   2.1800000000000002       0.49328279566116290     
   2.1899999999999999       0.49700312007828373     
   2.2000000000000002       0.50073055899216967     
   2.2100000000000000       0.50446504386429458     
   2.2200000000000002       0.50820650639068798     
   2.2300000000000000       0.51195487850091548     
   2.2400000000000002       0.51571009235706300     
   2.2500000000000000       0.51947208035272641     
   2.2600000000000002       0.52324077511200562     
   2.2700000000000000       0.52701610948850364     
   2.2800000000000002       0.53079801656433023     
   2.2900000000000000       0.53458642964910996     
   2.3000000000000003       0.53838128227899540     
   2.3100000000000001       0.54218250821568481     
   2.3199999999999998       0.54599004144544416     
   2.3300000000000001       0.54980381617813434     
   2.3399999999999999       0.55362376684624248     
   2.3500000000000001       0.55744982810391808     
   2.3599999999999999       0.56128193482601363     
   2.3700000000000001       0.56512002210712997     
   2.3799999999999999       0.56896402526066592     
   2.3900000000000001       0.57281387981787246     
   2.3999999999999999       0.57666952152691164     
   2.4100000000000001       0.58053088635191974     
   2.4199999999999999       0.58439791047207501     
   2.4300000000000002       0.58827053028066978     
   2.4399999999999999       0.59214868238418716     
   2.4500000000000002       0.59603230360138193     
   2.4600000000000000       0.59992133096236611     
   2.4700000000000002       0.60381570170769838     
   2.4800000000000000       0.60771535328747883     
   2.4900000000000002       0.61162022336044686     
   2.5000000000000000       0.61553024979308446     
   2.5100000000000002       0.61944537065872318     
   2.5200000000000000       0.62336552423665581     
   2.5300000000000002       0.62729064901125164     
   2.5400000000000000       0.63122068367107720     
   2.5500000000000003       0.63515556710801990     
   2.5600000000000001       0.63909523841641702     
   2.5699999999999998       0.64303963689218813     
   2.5800000000000001       0.64698870203197223     
   2.5899999999999999       0.65094237353226880     
   2.6000000000000001       0.65490059128858336     
   2.6099999999999999       0.65886329539457678     
   2.6200000000000001       0.66283042614121879     
   2.6299999999999999       0.66680192401594607     
   2.6400000000000001       0.67077772970182392     
   2.6499999999999999       0.67475778407671239     
   2.6600000000000001       0.67874202821243623     
   2.6699999999999999       0.68273040337395918     
   2.6800000000000002       0.68672285101856223     
   2.6899999999999999       0.69071931279502574     
   2.7000000000000002       0.69471973054281577     
   2.7100000000000000       0.69872404629127449     
   2.7200000000000002       0.70273220225881428     
   2.7300000000000000       0.70674414085211634     
   2.7400000000000002       0.71075980466533284     
   2.7500000000000000       0.71477913647929292     
   2.7600000000000002       0.71880207926071316     
   2.7700000000000000       0.72282857616141150     
   2.7800000000000002       0.72685857051752534     
   2.7900000000000000       0.73089200584873348     
   2.8000000000000003       0.73492882585748187     
   2.8100000000000001       0.73896897442821330     
   2.8199999999999998       0.74301239562660104     
   2.8300000000000001       0.74705903369878612     
   2.8399999999999999       0.75110883307061849     
   2.8500000000000001       0.75516173834690214     
   2.8599999999999999       0.75921769431064412     
   2.8700000000000001       0.76327664592230693     
   2.8799999999999999       0.76733853831906496     
   2.8900000000000001       0.77140331681406482     
   2.8999999999999999       0.77547092689568919     
   2.9100000000000001       0.77954131422682460     
   2.9199999999999999       0.78361442464413256     
   2.9300000000000002       0.78769020415732505     
   2.9399999999999999       0.79176859894844298     
   2.9500000000000002       0.79584955537113899     
   2.9600000000000000       0.79993301994996346     
   2.9700000000000002       0.80401893937965441     
   2.9800000000000000       0.80810726052443105     
   2.9900000000000002       0.81219793041729083     
   3.0000000000000000       0.81629089625931006     
   3.0100000000000002       0.82038610541894863     
   3.0200000000000000       0.82448350543135751     
   3.0300000000000002       0.82858304399769089     
   3.0400000000000000       0.83268466898442073     
   3.0500000000000003       0.83678832842265571     
   3.0600000000000001       0.84089397050746362     
   3.0700000000000003       0.84500154359719670     
   3.0800000000000001       0.84911099621282127     
   3.0899999999999999       0.85322227703725062     
   3.1000000000000001       0.85733533491468095     
   3.1099999999999999       0.86145011884993150     
   3.1200000000000001       0.86556657800778780     
   3.1299999999999999       0.86968466171234815     
   3.1400000000000001       0.87380431944637404     
   3.1499999999999999       0.87792550085064391     
   3.1600000000000001       0.88204815572330975     
   3.1699999999999999       0.88617223401925815     
   3.1800000000000002       0.89029768584947389     
   3.1899999999999999       0.89442446148040722     
   3.2000000000000002       0.89855251133334468     
   3.2100000000000000       0.90268178598378290     
   3.2200000000000002       0.90681223616080631     
   3.2300000000000000       0.91094381274646763     
   3.2400000000000002       0.91507646677517218     
   3.2500000000000000       0.91921014943306512     
   3.2600000000000002       0.92334481205742236     
   3.2700000000000000       0.92748040613604454     
   3.2800000000000002       0.93161688330665426     
   3.2900000000000000       0.93575419535629678     
   3.3000000000000003       0.93989229422074394     
   3.3100000000000001       0.94403113198390121     
   3.3200000000000003       0.94817066087721835     
   3.3300000000000001       0.95231083327910271     
   3.3399999999999999       0.95645160171433630     
   3.3500000000000001       0.96059291885349574     
   3.3599999999999999       0.96473473751237582     
   3.3700000000000001       0.96887701065141574     
   3.3799999999999999       0.97301969137512878     
   3.3900000000000001       0.97716273293153533     
   3.3999999999999999       0.98130608871159863     
   3.4100000000000001       0.98544971224866429     
   3.4199999999999999       0.98959355721790243     
   3.4300000000000002       0.99373757743575297     
   3.4399999999999999       0.99788172685937437     
   3.4500000000000002        1.0020259595860954     
   3.4600000000000000        1.0061702298528696     
   3.4700000000000002        1.0103144920357336     
   3.4800000000000000        1.0144587006492678     
   3.4900000000000002        1.0186028103460600     
   3.5000000000000000        1.0227467759161737     
   3.5100000000000002        1.0268905522866167     
   3.5200000000000000        1.0310340945208156     
   3.5300000000000002        1.0351773578180912     
   3.5400000000000000        1.0393202975131379     
   3.5500000000000003        1.0434628690755063     
   3.5600000000000001        1.0476050281090883     
   3.5700000000000003        1.0517467303516046     
   3.5800000000000001        1.0558879316740974     
   3.5899999999999999        1.0600285880804232     
   3.6000000000000001        1.0641686557067509     
   3.6099999999999999        1.0683080908210614     
   3.6200000000000001        1.0724468498226505     
   3.6299999999999999        1.0765848892416359     
   3.6400000000000001        1.0807221657384647     
   3.6499999999999999        1.0848586361034265     
   3.6600000000000001        1.0889942572561673     
   3.6699999999999999        1.0931289862452076     
   3.6800000000000002        1.0972627802474628     
   3.6899999999999999        1.1013955965677666     
   3.7000000000000002        1.1055273926383971     
   3.7100000000000000        1.1096581260186060     
   3.7200000000000002        1.1137877543941510     
   3.7300000000000000        1.1179162355768302     
   3.7400000000000002        1.1220435275040195     
   3.7500000000000000        1.1261695882382137     
   3.7600000000000002        1.1302943759665698     
   3.7700000000000000        1.1344178490004522     
   3.7800000000000002        1.1385399657749826     
   3.7900000000000000        1.1426606848485914     
   3.8000000000000003        1.1467799649025718     
   3.8100000000000001        1.1508977647406373     
   3.8200000000000003        1.1550140432884819     
   3.8300000000000001        1.1591287595933422     
   3.8399999999999999        1.1632418728235636     
   3.8500000000000001        1.1673533422681681     
   3.8599999999999999        1.1714631273364253     
   3.8700000000000001        1.1755711875574262     
   3.8799999999999999        1.1796774825796592     
   3.8900000000000001        1.1837819721705896     
   3.8999999999999999        1.1878846162162413     
   3.9100000000000001        1.1919853747207809     
   3.9199999999999999        1.1960842078061049     
   3.9300000000000002        1.2001810757114300     
   3.9399999999999999        1.2042759387928845     
   3.9500000000000002        1.2083687575231046     
   3.9600000000000000        1.2124594924908310     
   3.9700000000000002        1.2165481044005100     
   3.9800000000000000        1.2206345540718959     
   3.9900000000000002        1.2247188024396574     
   4.0000000000000000        1.2288008105529848     
