   0.0000000000000000        1000.0000000000000     
   1.0000000000000000E-002   999.49500000000000     
   2.0000000000000000E-002   998.98989023350600     
   2.9999999999999999E-002   998.48466422059994     
   4.0000000000000001E-002   997.97931552440980     
   5.0000000000000003E-002   997.47383775060939     
   5.9999999999999998E-002   996.96822454692472     
   7.0000000000000007E-002   996.46246960264773     
   8.0000000000000002E-002   995.95656664815681     
   8.9999999999999997E-002   995.45050945444439     
  0.10000000000000001        994.94429183265083     
  0.11000000000000000        994.43790763360494     
  0.12000000000000000        993.93135074737131     
  0.13000000000000000        993.42461510280418     
  0.14000000000000001        992.91769466710696     
  0.14999999999999999        992.41058344539863     
  0.16000000000000000        991.90327548028642     
  0.17000000000000001        991.39576485144369     
  0.17999999999999999        990.88804567519480     
  0.19000000000000000        990.38011210410536     
  0.20000000000000001        989.87195832657858     
  0.20999999999999999        989.36357856645679     
  0.22000000000000000        988.85496708262951     
  0.23000000000000001        988.34611816864651     
  0.23999999999999999        987.83702615233642     
  0.25000000000000000        987.32768539543110     
  0.26000000000000001        986.81809029319493     
  0.27000000000000002        986.30823527405994     
  0.28000000000000003        985.79811479926559     
  0.28999999999999998        985.28772336250404     
  0.29999999999999999        984.77705548957044     
  0.31000000000000000        984.26610573801827     
  0.32000000000000001        983.75486869681947     
  0.33000000000000002        983.24333898602958     
  0.34000000000000002        982.73151125645768     
  0.35000000000000003        982.21938018934077     
  0.35999999999999999        981.70694049602355     
  0.37000000000000000        981.19418691764201     
  0.38000000000000000        980.68111422481206     
  0.39000000000000001        980.16771721732243     
  0.40000000000000002        979.65399072383207     
  0.41000000000000003        979.13992960157202     
  0.41999999999999998        978.62552873605148     
  0.42999999999999999        978.11078304076818     
  0.44000000000000000        977.59568745692275     
  0.45000000000000001        977.08023695313761     
  0.46000000000000002        976.56442652517967     
  0.47000000000000003        976.04825119568716     
  0.47999999999999998        975.53170601390036     
  0.48999999999999999        975.01478605539626     
  0.50000000000000000        974.49748642182726     
  0.51000000000000001        973.97980224066350     
  0.52000000000000002        973.46172866493907     
  0.53000000000000003        972.94326087300180     
  0.54000000000000004        972.42439406826702     
  0.55000000000000004        971.90512347897436     
  0.56000000000000005        971.38544435794893     
  0.57000000000000006        970.86535198236550     
  0.57999999999999996        970.34484165351603     
  0.58999999999999997        969.82390869658116     
  0.59999999999999998        969.30254846040464     
  0.60999999999999999        968.78075631727143     
  0.62000000000000000        968.25852766268883     
  0.63000000000000000        967.73585791517098     
  0.64000000000000001        967.21274251602654     
  0.65000000000000002        966.68917692914988     
  0.66000000000000003        966.16515664081464     
  0.67000000000000004        965.64067715947135     
  0.68000000000000005        965.11573401554745     
  0.69000000000000006        964.59032276125015     
  0.70000000000000007        964.06443897037320     
  0.70999999999999996        963.53807823810564     
  0.71999999999999997        963.01123618084375     
  0.72999999999999998        962.48390843600635     
  0.73999999999999999        961.95609066185193     
  0.75000000000000000        961.42777853729967     
  0.76000000000000001        960.89896776175237     
  0.77000000000000002        960.36965405492265     
  0.78000000000000003        959.83983315666148     
  0.79000000000000004        959.30950082678942     
  0.80000000000000004        958.77865284493066     
  0.81000000000000005        958.24728501034951     
  0.82000000000000006        957.71539314178960     
  0.83000000000000007        957.18297307731518     
  0.83999999999999997        956.65002067415548     
  0.84999999999999998        956.11653180855114     
  0.85999999999999999        955.58250237560299     
  0.87000000000000000        955.04792828912377     
  0.88000000000000000        954.51280548149168     
  0.89000000000000001        953.97712990350624     
  0.90000000000000002        953.44089752424702     
  0.91000000000000003        952.90410433093405     
  0.92000000000000004        952.36674632879078     
  0.93000000000000005        951.82881954090931     
  0.94000000000000006        951.29032000811753     
  0.95000000000000007        950.75124378884868     
  0.95999999999999996        950.21158695901318     
  0.96999999999999997        949.67134561187208     
  0.97999999999999998        949.13051585791311     
  0.98999999999999999        948.58909382472848     
   1.0000000000000000        948.04707565689489     
   1.0100000000000000        947.50445751585551     
   1.0200000000000000        946.96123557980377     
   1.0300000000000000        946.41740604356960     
   1.0400000000000000        945.87296511850695     
   1.0500000000000000        945.32790903238390     
   1.0600000000000001        944.78223402927404     
   1.0700000000000001        944.23593636945031     
   1.0800000000000001        943.68901232928022     
   1.0900000000000001        943.14145820112310     
   1.1000000000000001        942.59327029322935     
   1.1100000000000001        942.04444492964103     
   1.1200000000000001        941.49497845009455     
   1.1300000000000001        940.94486720992506     
   1.1400000000000001        940.39410757997257     
   1.1500000000000001        939.84269594648958     
   1.1599999999999999        939.29062871105054     
   1.1699999999999999        938.73790229046324     
   1.1799999999999999        938.18451311668139     
   1.1899999999999999        937.63045763671880     
   1.2000000000000000        937.07573231256583     
   1.2100000000000000        936.52033362110672     
   1.2200000000000000        935.96425805403874     
   1.2300000000000000        935.40750211779300     
   1.2400000000000000        934.85006233345666     
   1.2500000000000000        934.29193523669676     
   1.2600000000000000        933.73311737768529     
   1.2700000000000000        933.17360532102623     
   1.2800000000000000        932.61339564568357     
   1.2900000000000000        932.05248494491116     
   1.3000000000000000        931.49086982618337     
   1.3100000000000001        930.92854691112814     
   1.3200000000000001        930.36551283546066     
   1.3300000000000001        929.80176424891863     
   1.3400000000000001        929.23729781519899     
   1.3500000000000001        928.67211021189587     
   1.3600000000000001        928.10619813044002     
   1.3700000000000001        927.53955827603954     
   1.3800000000000001        926.97218736762193     
   1.3900000000000001        926.40408213777710     
   1.4000000000000001        925.83523933270214     
   1.4099999999999999        925.26565571214724     
   1.4199999999999999        924.69532804936262     
   1.4299999999999999        924.12425313104700     
   1.4399999999999999        923.55242775729698     
   1.4500000000000000        922.97984874155804     
   1.4600000000000000        922.40651291057634     
   1.4700000000000000        921.83241710435186     
   1.4800000000000000        921.25755817609297     
   1.4900000000000000        920.68193299217148     
   1.5000000000000000        920.10553843207981     
   1.5100000000000000        919.52837138838845     
   1.5200000000000000        918.95042876670493     
   1.5300000000000000        918.37170748563369     
   1.5400000000000000        917.79220447673754     
   1.5500000000000000        917.21191668449944     
   1.5600000000000001        916.63084106628617     
   1.5700000000000001        916.04897459231256     
   1.5800000000000001        915.46631424560655     
   1.5900000000000001        914.88285702197629     
   1.6000000000000001        914.29859992997706     
   1.6100000000000001        913.71353999087989     
   1.6200000000000001        913.12767423864148     
   1.6300000000000001        912.54099971987409     
   1.6400000000000001        911.95351349381747     
   1.6500000000000001        911.36521263231134     
   1.6600000000000001        910.77609421976865     
   1.6699999999999999        910.18615535315007     
   1.6799999999999999        909.59539314193955     
   1.6899999999999999        909.00380470812024     
   1.7000000000000000        908.41138718615230     
   1.7100000000000000        907.81813772295050     
   1.7200000000000000        907.22405347786378     
   1.7300000000000000        906.62913162265488     
   1.7400000000000000        906.03336934148138     
   1.7500000000000000        905.43676383087745     
   1.7600000000000000        904.83931229973655     
   1.7700000000000000        904.24101196929485     
   1.7800000000000000        903.64186007311582     
   1.7900000000000000        903.04185385707513     
   1.8000000000000000        902.44099057934704     
   1.8100000000000001        901.83926751039110     
   1.8200000000000001        901.23668193293997     
   1.8300000000000001        900.63323114198806     
   1.8400000000000001        900.02891244478064     
   1.8500000000000001        899.42372316080423     
   1.8600000000000001        898.81766062177758     
   1.8700000000000001        898.21072217164328     
   1.8800000000000001        897.60290516656039     
   1.8900000000000001        896.99420697489768     
   1.9000000000000001        896.38462497722787     
   1.9100000000000001        895.77415656632218     
   1.9199999999999999        895.16279914714619     
   1.9299999999999999        894.55055013685592     
   1.9399999999999999        893.93740696479506     
   1.9500000000000000        893.32336707249272     
   1.9600000000000000        892.70842791366181     
   1.9700000000000000        892.09258695419862     
   1.9800000000000000        891.47584167218224     
   1.9900000000000000        890.85818955787568     
   2.0000000000000000        890.23962811372689     
   2.0100000000000002        889.62015485437098     
   2.0200000000000000        888.99976730663275     
   2.0300000000000002        888.37846300953015     
   2.0400000000000000        887.75623951427849     
   2.0499999999999998        887.13309438429485     
   2.0600000000000001        886.50902519520366     
   2.0699999999999998        885.88402953484263     
   2.0800000000000001        885.25810500326963     
   2.0899999999999999        884.63124921276972     
   2.1000000000000001        884.00345978786322     
   2.1099999999999999        883.37473436531423     
   2.1200000000000001        882.74507059413997     
   2.1299999999999999        882.11446613562043     
   2.1400000000000001        881.48291866330885     
   2.1499999999999999        880.85042586304269     
   2.1600000000000001        880.21698543295543     
   2.1699999999999999        879.58259508348851     
   2.1800000000000002        878.94725253740444     
   2.1899999999999999        878.31095552979991     
   2.2000000000000002        877.67370180811997     
   2.2100000000000000        877.03548913217242     
   2.2200000000000002        876.39631527414303     
   2.2300000000000000        875.75617801861131     
   2.2400000000000002        875.11507516256631     
   2.2500000000000000        874.47300451542378     
   2.2600000000000002        873.82996389904349     
   2.2700000000000000        873.18595114774689     
   2.2800000000000002        872.54096410833574     
   2.2900000000000000        871.89500064011088     
   2.3000000000000003        871.24805861489165     
   2.3100000000000001        870.60013591703603     
   2.3199999999999998        869.95123044346110     
   2.3300000000000001        869.30134010366407     
   2.3399999999999999        868.65046281974367     
   2.3500000000000001        867.99859652642238     
   2.3599999999999999        867.34573917106877     
   2.3700000000000001        866.69188871372057     
   2.3799999999999999        866.03704312710829     
   2.3900000000000001        865.38120039667911     
   2.3999999999999999        864.72435852062142     
   2.4100000000000001        864.06651550988954     
   2.4199999999999999        863.40766938822946     
   2.4300000000000002        862.74781819220470     
   2.4399999999999999        862.08695997122231     
   2.4500000000000002        861.42509278756017     
   2.4600000000000000        860.76221471639394     
   2.4700000000000002        860.09832384582478     
   2.4800000000000000        859.43341827690756     
   2.4900000000000002        858.76749612367973     
   2.5000000000000000        858.10055551318987     
   2.5100000000000002        857.43259458552745     
   2.5200000000000000        856.76361149385286     
   2.5300000000000002        856.09360440442742     
   2.5400000000000000        855.42257149664442     
   2.5500000000000003        854.75051096306004     
   2.5600000000000001        854.07742100942517     
   2.5699999999999998        853.40329985471715     
   2.5800000000000001        852.72814573117228     
   2.5899999999999999        852.05195688431877     
   2.6000000000000001        851.37473157300974     
   2.6099999999999999        850.69646806945696     
   2.6200000000000001        850.01716465926449     
   2.6299999999999999        849.33681964146342     
   2.6400000000000001        848.65543132854657     
   2.6499999999999999        847.97299804650333     
   2.6600000000000001        847.28951813485537     
   2.6699999999999999        846.60498994669263     
   2.6800000000000002        845.91941184870927     
   2.6899999999999999        845.23278222124043     
   2.7000000000000002        844.54509945829921     
   2.7100000000000000        843.85636196761379     
   2.7200000000000002        843.16656817066530     
   2.7300000000000000        842.47571650272573     
   2.7400000000000002        841.78380541289641     
   2.7500000000000000        841.09083336414642     
   2.7600000000000002        840.39679883335191     
   2.7700000000000000        839.70170031133523     
   2.7800000000000002        839.00553630290483     
   2.7900000000000000        838.30830532689527     
   2.8000000000000003        837.61000591620734     
   2.8100000000000001        836.91063661784892     
   2.8199999999999998        836.21019599297597     
   2.8300000000000001        835.50868261693358     
   2.8399999999999999        834.80609507929785     
   2.8500000000000001        834.10243198391754     
   2.8599999999999999        833.39769194895655     
   2.8700000000000001        832.69187360693616     
   2.8799999999999999        831.98497560477801     
   2.8900000000000001        831.27699660384690     
   2.8999999999999999        830.56793527999457     
   2.9100000000000001        829.85779032360290     
   2.9199999999999999        829.14656043962827     
   2.9300000000000002        828.43424434764540     
   2.9399999999999999        827.72084078189198     
   2.9500000000000002        827.00634849131359     
   2.9600000000000000        826.29076623960827     
   2.9700000000000002        825.57409280527224     
   2.9800000000000000        824.85632698164534     
   2.9900000000000002        824.13746757695640     
   3.0000000000000000        823.41751341436986     
   3.0100000000000002        822.69646333203184     
   3.0200000000000000        821.97431618311646     
   3.0300000000000002        821.25107083587272     
   3.0400000000000000        820.52672617367182     
   3.0500000000000003        819.80128109505392     
   3.0600000000000001        819.07473451377598     
   3.0700000000000003        818.34708535885920     
   3.0800000000000001        817.61833257463718     
   3.0899999999999999        816.88847512080372     
   3.1000000000000001        816.15751197246163     
   3.1099999999999999        815.42544212017106     
   3.1200000000000001        814.69226456999809     
   3.1299999999999999        813.95797834356404     
   3.1400000000000001        813.22258247809464     
   3.1499999999999999        812.48607602646905     
   3.1600000000000001        811.74845805726989     
   3.1699999999999999        811.00972765483289     
   3.1800000000000002        810.26988391929660     
   3.1899999999999999        809.52892596665276     
   3.2000000000000002        808.78685292879675     
   3.2100000000000000        808.04366395357783     
   3.2200000000000002        807.29935820485002     
   3.2300000000000000        806.55393486252274     
   3.2400000000000002        805.80739312261198     
   3.2500000000000000        805.05973219729162     
   3.2600000000000002        804.31095131494453     
   3.2700000000000000        803.56104972021410     
   3.2800000000000002        802.81002667405596     
   3.2900000000000000        802.05788145378995     
   3.3000000000000003        801.30461335315169     
   3.3100000000000001        800.55022168234484     
   3.3200000000000003        799.79470576809365     
   3.3300000000000001        799.03806495369474     
   3.3399999999999999        798.28029859907008     
   3.3500000000000001        797.52140608081925     
   3.3599999999999999        796.76138679227267     
   3.3700000000000001        796.00024014354392     
   3.3799999999999999        795.23796556158300     
   3.3900000000000001        794.47456249022946     
   3.3999999999999999        793.71003039026562     
   3.4100000000000001        792.94436873946972     
   3.4199999999999999        792.17757703266955     
   3.4300000000000002        791.40965478179567     
   3.4399999999999999        790.64060151593549     
   3.4500000000000002        789.87041678138655     
   3.4600000000000000        789.09910014171055     
   3.4700000000000002        788.32665117778697     
   3.4800000000000000        787.55306948786733     
   3.4900000000000002        786.77835468762919     
   3.5000000000000000        786.00250641023001     
   3.5100000000000002        785.22552430636154     
   3.5200000000000000        784.44740804430398     
   3.5300000000000002        783.66815730998042     
   3.5400000000000000        782.88777180701095     
   3.5500000000000003        782.10625125676734     
   3.5600000000000001        781.32359539842730     
   3.5700000000000003        780.53980398902922     
   3.5800000000000001        779.75487680352637     
   3.5899999999999999        778.96881363484192     
   3.6000000000000001        778.18161429392330     
   3.6099999999999999        777.39327860979688     
   3.6200000000000001        776.60380642962286     
   3.6299999999999999        775.81319761874965     
   3.6400000000000001        775.02145206076898     
   3.6499999999999999        774.22856965757023     
   3.6600000000000001        773.43455032939573     
   3.6699999999999999        772.63939401489495     
   3.6800000000000002        771.84310067117974     
   3.6899999999999999        771.04567027387884     
   3.7000000000000002        770.24710281719263     
   3.7100000000000000        769.44739831394827     
   3.7200000000000002        768.64655679565385     
   3.7300000000000000        767.84457831255372     
   3.7400000000000002        767.04146293368285     
   3.7500000000000000        766.23721074692151     
   3.7600000000000002        765.43182185905016     
   3.7700000000000000        764.62529639580396     
   3.7800000000000002        763.81763450192739     
   3.7900000000000000        763.00883634122874     
   3.8000000000000003        762.19890209663470     
   3.8100000000000001        761.38783197024475     
   3.8200000000000003        760.57562618338579     
   3.8300000000000001        759.76228497666625     
   3.8399999999999999        758.94780861003062     
   3.8500000000000001        758.13219736281337     
   3.8599999999999999        757.31545153379341     
   3.8700000000000001        756.49757144124806     
   3.8799999999999999        755.67855742300708     
   3.8900000000000001        754.85840983650667     
   3.8999999999999999        754.03712905884322     
   3.9100000000000001        753.21471548682734     
   3.9199999999999999        752.39116953703706     
   3.9300000000000002        751.56649164587168     
   3.9399999999999999        750.74068226960549     
   3.9500000000000002        749.91374188444058     
   3.9600000000000000        749.08567098656056     
   3.9700000000000002        748.25647009218358     
   3.9800000000000000        747.42613973761513     
   3.9900000000000002        746.59468047930136     
   4.0000000000000000        745.76209289388146     
