   0.0000000000000000        0.0000000000000000     
   1.0000000000000000E-002   5.0000000000000001E-003
   2.0000000000000000E-002   9.9494749999999993E-003
   2.9999999999999999E-002   1.4855176170690668E-002
   4.0000000000000001E-002   1.9723754768996106E-002
   5.0000000000000003E-002   2.4561763598864878E-002
   5.9999999999999998E-002   2.9375658451297689E-002
   7.0000000000000007E-002   3.4171799523905588E-002
   8.0000000000000002E-002   3.8956452820288368E-002
   8.9999999999999997E-002   4.3735791529518557E-002
  0.10000000000000001        4.8515897386012370E-002
  0.11000000000000000        5.3302762010064876E-002
  0.12000000000000000        5.8102288229322674E-002
  0.13000000000000000        6.2920291381463350E-002
  0.14000000000000001        6.7762500598347250E-002
  0.14999999999999999        7.2634560071903123E-002
  0.16000000000000000        7.7542030302005474E-002
  0.17000000000000001        8.2490389326597885E-002
  0.17999999999999999        8.7485033934312645E-002
  0.19000000000000000        9.2531280859833656E-002
  0.20000000000000001        9.7634367962245922E-002
  0.20999999999999999       0.10279945538661149     
  0.22000000000000000       0.10803162670900814     
  0.23000000000000001       0.11333589006526389     
  0.23999999999999999       0.11871717926361697     
  0.25000000000000000       0.12418035488152755     
  0.26000000000000001       0.12973020534686436     
  0.27000000000000002       0.13537144800368603     
  0.28000000000000003       0.14110873016283415     
  0.28999999999999998       0.14694663013755122     
  0.29999999999999999       0.15288965826433451     
  0.31000000000000000       0.15894225790923325     
  0.32000000000000001       0.16510880645979348     
  0.33000000000000002       0.17139361630285269     
  0.34000000000000002       0.17780093578838257     
  0.35000000000000003       0.18433495017957616     
  0.35999999999999999       0.19099978258937206     
  0.37000000000000000       0.19779949490360665     
  0.38000000000000000       0.20473808869098156     
  0.39000000000000001       0.21181950610003122     
  0.40000000000000002       0.21904763074327335     
  0.41000000000000003       0.22642628856872152     
  0.41999999999999998       0.23395924871893725     
  0.42999999999999999       0.24165022437779624     
  0.44000000000000000       0.24950287360514053     
  0.45000000000000001       0.25752080015948692     
  0.46000000000000002       0.26570755430895809     
  0.47000000000000003       0.27406663363060191     
  0.47999999999999998       0.28260148379826100     
  0.48999999999999999       0.29131549935915318     
  0.50000000000000000       0.30021202449932033     
  0.51000000000000001       0.30929435379810127     
  0.52000000000000002       0.31856573297178276     
  0.53000000000000003       0.32802935960657886     
  0.54000000000000004       0.33768838388108874     
  0.55000000000000004       0.34754590927837914     
  0.56000000000000005       0.35760499328783685     
  0.57000000000000006       0.36786864809693398     
  0.57999999999999996       0.37833984127304632     
  0.58999999999999997       0.38902149643546446     
  0.59999999999999998       0.39991649391773365     
  0.60999999999999999       0.41102767142045776     
  0.62000000000000000       0.42235782465470018     
  0.63000000000000000       0.43390970797611250     
  0.64000000000000001       0.44568603500992066     
  0.65000000000000002       0.45768947926689546     
  0.66000000000000003       0.46992267475043314     
  0.67000000000000004       0.48238821655487008     
  0.68000000000000005       0.49508866145515312     
  0.69000000000000006       0.50802652848798624     
  0.70000000000000007       0.52120429952457203     
  0.70999999999999996       0.53462441983506459     
  0.71999999999999997       0.54828929864484954     
  0.72999999999999998       0.56220130968276483     
  0.73999999999999999       0.57636279172137328     
  0.75000000000000000       0.59077604910939863     
  0.76000000000000001       0.60544335229643331     
  0.77000000000000002       0.62036693835002499     
  0.78000000000000003       0.63554901146524811     
  0.79000000000000004       0.65099174346686461     
  0.80000000000000004       0.66669727430417602     
  0.81000000000000005       0.68266771253866976     
  0.82000000000000006       0.69890513582455771     
  0.83000000000000007       0.71541159138230681     
  0.83999999999999997       0.73218909646525820     
  0.84999999999999998       0.74923963881943134     
  0.85999999999999999       0.76656517713660621     
  0.87000000000000000       0.78416764150077789     
  0.88000000000000000       0.80204893382807485     
  0.89000000000000001       0.82021092830023057     
  0.90000000000000002       0.83865547179169919     
  0.91000000000000003       0.85738438429050134     
  0.92000000000000004       0.87639945931288843     
  0.93000000000000005       0.89570246431190903     
  0.94000000000000006       0.91529514107996379     
  0.95000000000000007       0.93517920614542960     
  0.95999999999999996       0.95535635116343620     
  0.96999999999999997       0.97582824330087570     
  0.97999999999999998       0.99659652561572443     
  0.98999999999999999        1.0176628174307556     
   1.0000000000000000        1.0390287147017196     
   1.0100000000000000        1.0606957903800696     
   1.0200000000000000        1.0826655947703048     
   1.0300000000000000        1.1049396558820097     
   1.0400000000000000        1.1275194797766575     
   1.0500000000000000        1.1504065509092534     
   1.0600000000000001        1.1736023324648868     
   1.0700000000000001        1.1971082666902637     
   1.0800000000000001        1.2209257752202873     
   1.0900000000000001        1.2450562593997541     
   1.1000000000000001        1.2695011006002350     
   1.1100000000000001        1.2942616605322059     
   1.1200000000000001        1.3193392815524922     
   1.1300000000000001        1.3447352869670934     
   1.1400000000000001        1.3704509813294492     
   1.1500000000000001        1.3964876507342117     
   1.1599999999999999        1.4228465631065830     
   1.1699999999999999        1.4495289684872810     
   1.1799999999999999        1.4765360993131913     
   1.1899999999999999        1.5038691706937657     
   1.2000000000000000        1.5315293806832249     
   1.2100000000000000        1.5595179105486225     
   1.2200000000000000        1.5878359250338276     
   1.2300000000000000        1.6164845726194810     
   1.2400000000000000        1.6454649857789794     
   1.2500000000000000        1.6747782812305445     
   1.2600000000000000        1.7044255601854270     
   1.2700000000000000        1.7344079085923001     
   1.2800000000000000        1.7647263973778939     
   1.2900000000000000        1.7953820826839224     
   1.3000000000000000        1.8263760061003527     
   1.3100000000000001        1.8577091948950670     
   1.3200000000000001        1.8893826622399663     
   1.3300000000000001        1.9213974074335629     
   1.3400000000000001        1.9537544161201115     
   1.3500000000000001        1.9864546605053244     
   1.3600000000000001        2.0194990995687179     
   1.3700000000000001        2.0528886792726344     
   1.3800000000000001        2.0866243327679874     
   1.3900000000000001        2.1207069805967715     
   1.4000000000000001        2.1551375308913836     
   1.4099999999999999        2.1899168795707951     
   1.4199999999999999        2.2250459105336202     
   1.4299999999999999        2.2605254958481247     
   1.4399999999999999        2.2963564959392082     
   1.4500000000000000        2.3325397597724118     
   1.4600000000000000        2.3690761250349808     
   1.4700000000000000        2.4059664183140304     
   1.4800000000000000        2.4432114552718485     
   1.4900000000000000        2.4808120408183760     
   1.5000000000000000        2.5187689692809019     
   1.5100000000000000        2.5570830245710114     
   1.5200000000000000        2.5957549803488242     
   1.5300000000000000        2.6347856001845571     
   1.5400000000000000        2.6741756377174504     
   1.5500000000000000        2.7139258368120895     
   1.5600000000000001        2.7540369317121609     
   1.5700000000000001        2.7945096471916737     
   1.5800000000000001        2.8353446987036803     
   1.5900000000000001        2.8765427925265339     
   1.6000000000000001        2.9181046259077101     
   1.6100000000000001        2.9600308872052294     
   1.6200000000000001        3.0023222560267113     
   1.6300000000000001        3.0449794033660909     
   1.6400000000000001        3.0880029917380285     
   1.6500000000000001        3.1313936753100471     
   1.6600000000000001        3.1751521000324230     
   1.6699999999999999        3.2192789037658605     
   1.6799999999999999        3.2637747164069837     
   1.6899999999999999        3.3086401600116706     
   1.7000000000000000        3.3538758489162586     
   1.7100000000000000        3.3994823898566509     
   1.7200000000000000        3.4454603820853515     
   1.7300000000000000        3.4918104174864553     
   1.7400000000000000        3.5385330806886199     
   1.7500000000000000        3.5856289491760487     
   1.7600000000000000        3.6330985933975080     
   1.7700000000000000        3.6809425768734059     
   1.7800000000000000        3.7291614563009574     
   1.7900000000000000        3.7777557816574641     
   1.8000000000000000        3.8267260963017273     
   1.8100000000000001        3.8760729370736260     
   1.8200000000000001        3.9257968343918783     
   1.8300000000000001        3.9758983123500133     
   1.8400000000000001        4.0263778888105755     
   1.8500000000000001        4.0772360754975843     
   1.8600000000000001        4.1284733780872749     
   1.8700000000000001        4.1800902962971378     
   1.8800000000000001        4.2320873239732837     
   1.8900000000000001        4.2844649491761517     
   1.9000000000000001        4.3372236542645863     
   1.9100000000000001        4.3903639159783019     
   1.9199999999999999        4.4438862055187576     
   1.9299999999999999        4.4977909886284593     
   1.9399999999999999        4.5520787256687125     
   1.9500000000000000        4.6067498716958477     
   1.9600000000000000        4.6618048765359337     
   1.9700000000000000        4.7172441848580009     
   1.9800000000000000        4.7730682362457939     
   1.9900000000000000        4.8292774652680714     
   2.0000000000000000        4.8858723015474723     
   2.0100000000000002        4.9428531698279681     
   2.0200000000000000        5.0002204900409160     
   2.0300000000000002        5.0579746773697378     
   2.0400000000000000        5.1161161423132304     
   2.0499999999999998        5.1746452907475406     
   2.0600000000000001        5.2335625239868069     
   2.0699999999999998        5.2928682388424946     
   2.0800000000000001        5.3525628276814388     
   2.0899999999999999        5.4126466784826084     
   2.1000000000000001        5.4731201748926130     
   2.1099999999999999        5.5339836962799636     
   2.1200000000000001        5.5952376177881034     
   2.1299999999999999        5.6568823103872310     
   2.1400000000000001        5.7189181409249237     
   2.1499999999999999        5.7813454721755742     
   2.1600000000000001        5.8441646628886685     
   2.1699999999999999        5.9073760678359042     
   2.1800000000000002        5.9709800378571751     
   2.1899999999999999        6.0349769199054295     
   2.2000000000000002        6.0993670570904213     
   2.2100000000000000        6.1641507887213640     
   2.2200000000000002        6.2293284503485022     
   2.2300000000000000        6.2949003738036167     
   2.2400000000000002        6.3608668872394745     
   2.2500000000000000        6.4272283151682359     
   2.2600000000000002        6.4939849784988324     
   2.2700000000000000        6.5611371945733312     
   2.2800000000000002        6.6286852772022939     
   2.2900000000000000        6.6966295366991453     
   2.3000000000000003        6.7649702799135651     
   2.3100000000000001        6.8337078102639097     
   2.3199999999999998        6.9028424277686842     
   2.3300000000000001        6.9723744290770666     
   2.3399999999999999        7.0423041074985058     
   2.3500000000000001        7.1126317530313958     
   2.3599999999999999        7.1833576523908453     
   2.3700000000000001        7.2544820890355481     
   2.3799999999999999        7.3260053431937679     
   2.3900000000000001        7.3979276918884480     
   2.3999999999999999        7.4702494089614548     
   2.4100000000000001        7.5429707650969720     
   2.4199999999999999        7.6160920278440445     
   2.4300000000000002        7.6896134616382961     
   2.4399999999999999        7.7635353278228170     
   2.4500000000000002        7.8378578846682450     
   2.4600000000000000        7.9125813873920388     
   2.4700000000000002        7.9877060881769584     
   2.4800000000000000        8.0632322361887621     
   2.4900000000000002        8.1391600775931305     
   2.5000000000000000        8.2154898555718230     
   2.5100000000000002        8.2922218103380789     
   2.5200000000000000        8.3693561791512714     
   2.5300000000000002        8.4468931963308282     
   2.5400000000000000        8.5248330932694127     
   2.5500000000000003        8.6031760984453971     
   2.5600000000000001        8.6819224374346149     
   2.5699999999999998        8.7610723329214135     
   2.5800000000000001        8.8406260047090122     
   2.5899999999999999        8.9205836697291723     
   2.6000000000000001        9.0009455420511930     
   2.6099999999999999        9.0817118328902282     
   2.6200000000000001        9.1628827506149477     
   2.6299999999999999        9.2444585007545470     
   2.6400000000000001        9.3264392860051011     
   2.6499999999999999        9.4088253062352862     
   2.6600000000000001        9.4916167584914621     
   2.6699999999999999        9.5748138370021429     
   2.6800000000000002        9.6584167331818396     
   2.6899999999999999        9.7424256356342962     
   2.7000000000000002        9.8268407301551264     
   2.7100000000000000        9.9116621997338505     
   2.7200000000000002        9.9968902245553490     
   2.7300000000000000        10.082524982000731     
   2.7400000000000002        10.168566646647623     
   2.7500000000000000        10.255015390269905     
   2.7600000000000002        10.341871381836867     
   2.7700000000000000        10.429134787511824     
   2.7800000000000002        10.516805770650176     
   2.7900000000000000        10.604884491796927     
   2.8000000000000003        10.693371108683669     
   2.8100000000000001        10.782265776225039     
   2.8199999999999998        10.871568646514646     
   2.8300000000000001        10.961279868820489     
   2.8399999999999999        11.051399589579853     
   2.8500000000000001        11.141927952393715     
   2.8599999999999999        11.232865098020632     
   2.8700000000000001        11.324211164370151     
   2.8799999999999999        11.415966286495721     
   2.8900000000000001        11.508130596587128     
   2.8999999999999999        11.600704223962449     
   2.9100000000000001        11.693687295059538     
   2.9199999999999999        11.787079933427048     
   2.9300000000000002        11.880882259714980     
   2.9399999999999999        11.975094391664793     
   2.9500000000000002        12.069716444099056     
   2.9600000000000000        12.164748528910653     
   2.9700000000000002        12.260190755051557     
   2.9800000000000000        12.356043228521152     
   2.9900000000000002        12.452306052354148     
   3.0000000000000000        12.548979326608054     
   3.0100000000000002        12.646063148350237     
   3.0200000000000000        12.743557611644571     
   3.0300000000000002        12.841462807537662     
   3.0400000000000000        12.939778824044684     
   3.0500000000000003        13.038505746134804     
   3.0600000000000001        13.137643655716211     
   3.0700000000000003        13.237192631620756     
   3.0800000000000001        13.337152749588208     
   3.0899999999999999        13.437524082250118     
   3.1000000000000001        13.538306699113313     
   3.1099999999999999        13.639500666543018     
   3.1200000000000001        13.741106047745594     
   3.1299999999999999        13.843122902750933     
   3.1400000000000001        13.945551288394467     
   3.1499999999999999        14.048391258298846     
   3.1600000000000001        14.151642862855240     
   3.1699999999999999        14.255306149204308     
   3.1800000000000002        14.359381161216819     
   3.1899999999999999        14.463867939473925     
   3.2000000000000002        14.568766521247111     
   3.2100000000000000        14.674076940477802     
   3.2200000000000002        14.779799227756643     
   3.2300000000000000        14.885933410302458     
   3.2400000000000002        14.992479511940889     
   3.2500000000000000        15.099437553082710     
   3.2600000000000002        15.206807550701839     
   3.2700000000000000        15.314589518313031     
   3.2800000000000002        15.422783465949269     
   3.2900000000000000        15.531389400138854     
   3.3000000000000003        15.640407323882197     
   3.3100000000000001        15.749837236628311     
   3.3200000000000003        15.859679134251019     
   3.3300000000000001        15.969933009024871     
   3.3399999999999999        16.080598849600772     
   3.3500000000000001        16.191676640981335     
   3.3599999999999999        16.303166364495965     
   3.3700000000000001        16.415067997775644     
   3.3799999999999999        16.527381514727473     
   3.3900000000000001        16.640106885508931     
   3.3999999999999999        16.753244076501879     
   3.4100000000000001        16.866793050286290     
   3.4199999999999999        16.980753765613745     
   3.4300000000000002        17.095126177380653     
   3.4399999999999999        17.209910236601225     
   3.4500000000000002        17.325105890380215     
   3.4600000000000000        17.440713081885406     
   3.4700000000000002        17.556731750319845     
   3.4800000000000000        17.673161830893864     
   3.4900000000000002        17.790003254796851     
   3.5000000000000000        17.907255949168785     
   3.5100000000000002        18.024919837071558     
   3.5200000000000000        18.142994837460062     
   3.5300000000000002        18.261480865153061     
   3.5400000000000000        18.380377830803823     
   3.5500000000000003        18.499685640870574     
   3.5600000000000001        18.619404197586693     
   3.5700000000000003        18.739533398930742     
   3.5800000000000001        18.860073138596253     
   3.5899999999999999        18.981023305961333     
   3.6000000000000001        19.102383786058056     
   3.6099999999999999        19.224154459541666     
   3.6200000000000001        19.346335202659574     
   3.6299999999999999        19.468925887220177     
   3.6400000000000001        19.591926380561468     
   3.6499999999999999        19.715336545519481     
   3.6600000000000001        19.839156240396534     
   3.6699999999999999        19.963385318929305     
   3.6800000000000002        20.088023630256718     
   3.6899999999999999        20.213071018887664     
   3.7000000000000002        20.338527324668544     
   3.7100000000000000        20.464392382750646     
   3.7200000000000002        20.590666023557347     
   3.7300000000000000        20.717348072751168     
   3.7400000000000002        20.844438351200644     
   3.7500000000000000        20.971936674947052     
   3.7600000000000002        21.099842855170991     
   3.7700000000000000        21.228156698158784     
   3.7800000000000002        21.356878005268751     
   3.7900000000000000        21.486006572897328     
   3.8000000000000003        21.615542192445030     
   3.8100000000000001        21.745484650282304     
   3.8200000000000003        21.875833727715200     
   3.8300000000000001        22.006589200950941     
   3.8399999999999999        22.137750841063340     
   3.8500000000000001        22.269318413958093     
   3.8599999999999999        22.401291680337934     
   3.8700000000000001        22.533670395667688     
   3.8799999999999999        22.666454310139173     
   3.8900000000000001        22.799643168635995     
   3.8999999999999999        22.933236710698232     
   3.9100000000000001        23.067234670486982     
   3.9199999999999999        23.201636776748824     
   3.9300000000000002        23.336442752780147     
   3.9399999999999999        23.471652316391392     
   3.9500000000000002        23.607265179871174     
   3.9600000000000000        23.743281049950312     
   3.9700000000000002        23.879699627765746     
   3.9800000000000000        24.016520608824383     
   3.9900000000000002        24.153743682966823     
   4.0000000000000000        24.291368534331006     
