   0.0000000000000000        1.0000000000000000     
   1.0000000000000000E-002   1.0000000000000000     
   2.0000000000000000E-002   1.0012490000000001     
   2.9999999999999999E-002   1.0037409137516780     
   4.0000000000000001E-002   1.0074697415638474     
   5.0000000000000003E-002   1.0124295692155976     
   5.9999999999999998E-002   1.0186145668841482     
   7.0000000000000007E-002   1.0260189880872157     
   8.0000000000000002E-002   1.0346371686396876     
   8.9999999999999997E-002   1.0444635256244059     
  0.10000000000000001        1.0554925563768645     
  0.11000000000000000        1.0677188374836246     
  0.12000000000000000        1.0811370237942604     
  0.13000000000000000        1.0957418474466432     
  0.14000000000000001        1.1115281169053817     
  0.14999999999999999        1.1284907160132331     
  0.16000000000000000        1.1466246030553060     
  0.17000000000000001        1.1659248098358761     
  0.17999999999999999        1.1863864407676408     
  0.19000000000000000        1.2080046719732378     
  0.20000000000000001        1.2307747503988591     
  0.20999999999999999        1.2546919929397908     
  0.22000000000000000        1.2797517855777136     
  0.23000000000000001        1.3059495825296001     
  0.23999999999999999        1.3332809054080490     
  0.25000000000000000        1.3617413423928946     
  0.26000000000000001        1.3913265474139380     
  0.27000000000000002        1.4220322393446434     
  0.28000000000000003        1.4538542012066473     
  0.28999999999999998        1.4867882793849314     
  0.29999999999999999        1.5208303828535099     
  0.31000000000000000        1.5559764824114863     
  0.32000000000000001        1.5922226099293342     
  0.33000000000000002        1.6295648576052608     
  0.34000000000000002        1.6679993772315138     
  0.35000000000000003        1.7075223794704919     
  0.35999999999999999        1.7481301331405243     
  0.37000000000000000        1.7898189645111842     
  0.38000000000000000        1.8325852566080028     
  0.39000000000000001        1.8764254485264560     
  0.40000000000000002        1.9213360347550925     
  0.41000000000000003        1.9673135645076769     
  0.41999999999999998        2.0143546410642235     
  0.42999999999999999        2.0624559211207951     
  0.44000000000000000        2.1116141141479501     
  0.45000000000000001        2.1618259817577101     
  0.46000000000000002        2.2130883370789372     
  0.47000000000000003        2.2653980441409982     
  0.47999999999999998        2.3187520172656062     
  0.48999999999999999        2.3731472204667208     
  0.50000000000000000        2.4285806668583985     
  0.51000000000000001        2.4850494180704805     
  0.52000000000000002        2.5425505836720115     
  0.53000000000000003        2.6010813206022805     
  0.54000000000000004        2.6606388326093771     
  0.55000000000000004        2.7212203696961610     
  0.56000000000000005        2.7828232275735405     
  0.57000000000000006        2.8454447471209572     
  0.57999999999999996        2.9090823138539794     
  0.58999999999999997        2.9737333573989040     
  0.59999999999999998        3.0393953509742695     
  0.60999999999999999        3.1060658108791834     
  0.62000000000000000        3.1737422959883719     
  0.63000000000000000        3.2424224072538541     
  0.64000000000000001        3.3121037872131538     
  0.65000000000000002        3.3827841195039547     
  0.66000000000000003        3.4544611283851090     
  0.67000000000000004        3.5271325782639136     
  0.68000000000000005        3.6007962732295642     
  0.69000000000000006        3.6754500565927044     
  0.70000000000000007        3.7510918104309816     
  0.70999999999999996        3.8277194551405285     
  0.71999999999999997        3.9053309489932864     
  0.72999999999999998        3.9839242877000909     
  0.73999999999999999        4.0634975039794377     
  0.75000000000000000        4.1440486671318517     
  0.76000000000000001        4.2255758826197765     
  0.77000000000000002        4.3080772916529160     
  0.78000000000000003        4.3915510707789442     
  0.79000000000000004        4.4759954314795127     
  0.80000000000000004        4.5614086197714796     
  0.81000000000000005        4.6477889158132903     
  0.82000000000000006        4.7351346335164353     
  0.83000000000000007        4.8234441201619163     
  0.83999999999999997        4.9127157560216483     
  0.84999999999999998        5.0029479539847337     
  0.85999999999999999        5.0941391591885337     
  0.87000000000000000        5.1862878486544792     
  0.88000000000000000        5.2793925309285425     
  0.89000000000000001        5.3734517457263191     
  0.90000000000000002        5.4684640635826431     
  0.91000000000000003        5.5644280855056802     
  0.92000000000000004        5.6613424426354344     
  0.93000000000000005        5.7592057959066034     
  0.94000000000000006        5.8580168357157287     
  0.95000000000000007        5.9577742815925703     
  0.95999999999999996        6.0584768818756602     
  0.96999999999999997        6.1601234133919629     
  0.97999999999999998        6.2627126811405933     
  0.98999999999999999        6.3662435179805366     
   1.0000000000000000        6.4707147843223067     
   1.0100000000000000        6.5761253678234972     
   1.0200000000000000        6.6824741830881607     
   1.0300000000000000        6.7897601713699709     
   1.0400000000000000        6.8979823002791125     
   1.0500000000000000        7.0071395634928422     
   1.0600000000000001        7.1172309804696772     
   1.0700000000000001        7.2282555961671520     
   1.0800000000000001        7.3402124807630997     
   1.0900000000000001        7.4531007293804041     
   1.1000000000000001        7.5669194618151803     
   1.1100000000000001        7.6816678222683237     
   1.1200000000000001        7.7973449790803961     
   1.1300000000000001        7.9139501244697872     
   1.1400000000000001        8.0314824742741138     
   1.1500000000000001        8.1499412676948104     
   1.1599999999999999        8.2693257670448634     
   1.1699999999999999        8.3896352574996467     
   1.1799999999999999        8.5108690468508144     
   1.1899999999999999        8.6330264652632067     
   1.2000000000000000        8.7561068650347309     
   1.2100000000000000        8.8801096203591712     
   1.2200000000000000        9.0050341270918821     
   1.2300000000000000        9.1308798025183346     
   1.2400000000000000        9.2576460851254687     
   1.2500000000000000        9.3853324343758135     
   1.2600000000000000        9.5139383304843363     
   1.2700000000000000        9.6434632741979804     
   1.2800000000000000        9.7739067865778573     
   1.2900000000000000        9.9052684087840497     
   1.3000000000000000        10.037547701862996     
   1.3100000000000001        10.170744246537414     
   1.3200000000000001        10.304857642998726     
   1.3300000000000001        10.439887510701961     
   1.3400000000000001        10.575833488163079     
   1.3500000000000001        10.712695232758712     
   1.3600000000000001        10.850472420528249     
   1.3700000000000001        10.989164745978274     
   1.3800000000000001        11.128771921889289     
   1.3900000000000001        11.269293679124704     
   1.4000000000000001        11.410729766442069     
   1.4099999999999999        11.553079950306493     
   1.4199999999999999        11.696344014706250     
   1.4299999999999999        11.840521760970510     
   1.4399999999999999        11.985613007589189     
   1.4500000000000000        12.131617590034868     
   1.4600000000000000        12.278535360586767     
   1.4700000000000000        12.426366188156740     
   1.4800000000000000        12.575109958117249     
   1.4900000000000000        12.724766572131312     
   1.5000000000000000        12.875335947984381     
   1.5100000000000000        13.026818019418119     
   1.5200000000000000        13.179212735966065     
   1.5300000000000000        13.332520062791140     
   1.5400000000000000        13.486739980524991     
   1.5500000000000000        13.641872485109115     
   1.5600000000000001        13.797917587637771     
   1.5700000000000001        13.954875314202631     
   1.5800000000000001        14.112745705739153     
   1.5900000000000001        14.271528817874648     
   1.6000000000000001        14.431224720778028     
   1.6100000000000001        14.591833499011184     
   1.6200000000000001        14.753355251382006     
   1.6300000000000001        14.915790090798989     
   1.6400000000000001        15.079138144127427     
   1.6500000000000001        15.243399552047144     
   1.6600000000000001        15.408574468911777     
   1.6699999999999999        15.574663062609545     
   1.6799999999999999        15.741665514425526     
   1.6899999999999999        15.909582018905377     
   1.7000000000000000        16.078412783720516     
   1.7100000000000000        16.248158029534714     
   1.7200000000000000        16.418817989872089     
   1.7300000000000000        16.590392910986484     
   1.7400000000000000        16.762883051732203     
   1.7500000000000000        16.936288683436093     
   1.7600000000000000        17.110610089770926     
   1.7700000000000000        17.285847566630110     
   1.7800000000000000        17.462001422003659     
   1.7900000000000000        17.639071975855430     
   1.8000000000000000        17.817059560001606     
   1.8100000000000001        17.995964517990416     
   1.8200000000000001        18.175787204983031     
   1.8300000000000001        18.356527987635680     
   1.8400000000000001        18.538187243982911     
   1.8500000000000001        18.720765363322030     
   1.8600000000000001        18.904262746098659     
   1.8700000000000001        19.088679803793415     
   1.8800000000000001        19.274016958809693     
   1.8900000000000001        19.460274644362535     
   1.9000000000000001        19.647453304368568     
   1.9100000000000001        19.835553393336994     
   1.9199999999999999        20.024575376261620     
   1.9299999999999999        20.214519728513899     
   1.9399999999999999        20.405386935736988     
   1.9500000000000000        20.597177493740791     
   1.9600000000000000        20.789891908397980     
   1.9700000000000000        20.983530695540971     
   1.9800000000000000        21.178094380859847     
   1.9900000000000000        21.373583499801214     
   2.0000000000000000        21.569998597467983     
   2.0100000000000002        21.767340228520027     
   2.0200000000000000        21.965608957075755     
   2.0300000000000002        22.164805356614547     
   2.0400000000000000        22.364930009880055     
   2.0499999999999998        22.565983508784349     
   2.0600000000000001        22.767966454312894     
   2.0699999999999998        22.970879456430357     
   2.0800000000000001        23.174723133987214     
   2.0899999999999999        23.379498114627165     
   2.1000000000000001        23.585205034695321     
   2.1099999999999999        23.791844539147164     
   2.1200000000000001        23.999417281458268     
   2.1299999999999999        24.207923923534771     
   2.1400000000000001        24.417365135624582     
   2.1499999999999999        24.627741596229292     
   2.1600000000000001        24.839053992016826     
   2.1699999999999999        25.051303017734778     
   2.1800000000000002        25.264489376124438     
   2.1899999999999999        25.478613777835498     
   2.2000000000000002        25.693676941341426     
   2.2100000000000000        25.909679592855497     
   2.2200000000000002        26.126622466247465     
   2.2300000000000000        26.344506302960880     
   2.2400000000000002        26.563331851931014     
   2.2500000000000000        26.783099869503417     
   2.2600000000000002        27.003811119353074     
   2.2700000000000000        27.225466372404149     
   2.2800000000000002        27.448066406750325     
   2.2900000000000000        27.671612007575710     
   2.3000000000000003        27.896103967076307     
   2.3100000000000001        28.121543084382054     
   2.3199999999999998        28.347930165479401     
   2.3300000000000001        28.575266023134418     
   2.3399999999999999        28.803551476816452     
   2.3500000000000001        29.032787352622272     
   2.3599999999999999        29.262974483200765     
   2.3700000000000001        29.494113707678096     
   2.3799999999999999        29.726205871583392     
   2.3900000000000001        29.959251826774889     
   2.3999999999999999        30.193252431366567     
   2.4100000000000001        30.428208549655256     
   2.4199999999999999        30.664121052048191     
   2.4300000000000002        30.900990814991030     
   2.4399999999999999        31.138818720896314     
   2.4500000000000002        31.377605658072358     
   2.4600000000000000        31.617352520652581     
   2.4700000000000002        31.858060208525252     
   2.4800000000000000        32.099729627263649     
   2.4900000000000002        32.342361688056620     
   2.5000000000000000        32.585957307639568     
   2.5100000000000002        32.830517408225781     
   2.5200000000000000        33.076042917438208     
   2.5300000000000002        33.322534768241560     
   2.5400000000000000        33.569993898874799     
   2.5500000000000003        33.818421252784020     
   2.5600000000000001        34.067817778555643     
   2.5699999999999998        34.318184429849993     
   2.5800000000000001        34.569522165335208     
   2.5899999999999999        34.821831948621480     
   2.6000000000000001        35.075114748195652     
   2.6099999999999999        35.329371537356110     
   2.6200000000000001        35.584603294148025     
   2.6299999999999999        35.840811001298874     
   2.6400000000000001        36.097995646154303     
   2.6499999999999999        36.356158220614262     
   2.6600000000000001        36.615299721069469     
   2.6699999999999999        36.875421148338127     
   2.6800000000000002        37.136523507602938     
   2.6899999999999999        37.398607808348416     
   2.7000000000000002        37.661675064298450     
   2.7100000000000000        37.925726293354138     
   2.7200000000000002        38.190762517531894     
   2.7300000000000000        38.456784762901790     
   2.7400000000000002        38.723794059526185     
   2.7500000000000000        38.991791441398554     
   2.7600000000000002        39.260777946382618     
   2.7700000000000000        39.530754616151633     
   2.7800000000000002        39.801722496128001     
   2.7900000000000000        40.073682635423033     
   2.8000000000000003        40.346636086776968     
   2.8100000000000001        40.620583906499199     
   2.8199999999999998        40.895527154408725     
   2.8300000000000001        41.171466893774799     
   2.8399999999999999        41.448404191257772     
   2.8500000000000001        41.726340116850167     
   2.8599999999999999        42.005275743817911     
   2.8700000000000001        42.285212148641769     
   2.8799999999999999        42.566150410958983     
   2.8900000000000001        42.848091613505062     
   2.8999999999999999        43.131036842055785     
   2.9100000000000001        43.414987185369341     
   2.9199999999999999        43.699943735128663     
   2.9300000000000002        43.985907585883915     
   2.9399999999999999        44.272879834995145     
   2.9500000000000002        44.560861582575114     
   2.9600000000000000        44.849853931432236     
   2.9700000000000002        45.139857987013698     
   2.9800000000000000        45.430874857348748     
   2.9900000000000002        45.722905652992068     
   3.0000000000000000        46.015951486967332     
   3.0100000000000002        46.310013474710892     
   3.0200000000000000        46.605092734015578     
   3.0300000000000002        46.901190384974647     
   3.0400000000000000        47.198307549925850     
   3.0500000000000003        47.496445353395622     
   3.0600000000000001        47.795604922043374     
   3.0700000000000003        48.095787384605956     
   3.0800000000000001        48.396993871842142     
   3.0899999999999999        48.699225516477327     
   3.1000000000000001        49.002483453148237     
   3.1099999999999999        49.306768818347813     
   3.1200000000000001        49.612082750370156     
   3.1299999999999999        49.918426389255586     
   3.1400000000000001        50.225800876735789     
   3.1499999999999999        50.534207356179046     
   3.1600000000000001        50.843646972535581     
   3.1699999999999999        51.154120872282974     
   3.1800000000000002        51.465630203371646     
   3.1899999999999999        51.778176115170446     
   3.2000000000000002        52.091759758412323     
   3.2100000000000000        52.406382285140040     
   3.2200000000000002        52.722044848651997     
   3.2300000000000000        53.038748603448099     
   3.2400000000000002        53.356494705175706     
   3.2500000000000000        53.675284310575655     
   3.2600000000000002        53.995118577428322     
   3.2700000000000000        54.315998664499766     
   3.2800000000000002        54.637925731487918     
   3.2900000000000000        54.960900938968855     
   3.3000000000000003        55.284925448343081     
   3.3100000000000001        55.610000421781912     
   3.3200000000000003        55.936127022173856     
   3.3300000000000001        56.263306413071106     
   3.3399999999999999        56.591539758636010     
   3.3500000000000001        56.920828223587655     
   3.3599999999999999        57.251172973148428     
   3.3700000000000001        57.582575172990659     
   3.3799999999999999        57.915035989183288     
   3.3900000000000001        58.248556588138577     
   3.3999999999999999        58.583138136558837     
   3.4100000000000001        58.918781801383219     
   3.4199999999999999        59.255488749734496     
   3.4300000000000002        59.593260148865923     
   3.4399999999999999        59.932097166108065     
   3.4500000000000002        60.272000968815703     
   3.4600000000000000        60.612972724314758     
   3.4700000000000002        60.955013599849195     
   3.4800000000000000        61.298124762527991     
   3.4900000000000002        61.642307379272125     
   3.5000000000000000        61.987562616761544     
   3.5100000000000002        62.333891641382195     
   3.5200000000000000        62.681295619173028     
   3.5300000000000002        63.029775715773063     
   3.5400000000000000        63.379333096368406     
   3.5500000000000003        63.729968925639334     
   3.5600000000000001        64.081684367707368     
   3.5700000000000003        64.434480586082344     
   3.5800000000000001        64.788358743609507     
   3.5899999999999999        65.143320002416601     
   3.6000000000000001        65.499365523860959     
   3.6099999999999999        65.856496468476621     
   3.6200000000000001        66.214713995921443     
   3.6299999999999999        66.574019264924175     
   3.6400000000000001        66.934413433231597     
   3.6499999999999999        67.295897657555614     
   3.6600000000000001        67.658473093520371     
   3.6699999999999999        68.022140895609326     
   3.6800000000000002        68.386902217112379     
   3.6899999999999999        68.752758210072955     
   3.7000000000000002        69.119710025235079     
   3.7100000000000000        69.487758811990503     
   3.7200000000000002        69.856905718325706     
   3.7300000000000000        70.227151890769036     
   3.7400000000000002        70.598498474337717     
   3.7500000000000000        70.970946612484923     
   3.7600000000000002        71.344497447046820     
   3.7700000000000000        71.719152118189555     
   3.7800000000000002        72.094911764356326     
   3.7900000000000000        72.471777522214339     
   3.8000000000000003        72.849750526601824     
   3.8100000000000001        73.228831910474995     
   3.8200000000000003        73.609022804855030     
   3.8300000000000001        73.990324338774982     
   3.8399999999999999        74.372737639226770     
   3.8500000000000001        74.756263831108015     
   3.8599999999999999        75.140904037169008     
   3.8700000000000001        75.526659377959575     
   3.8799999999999999        75.913530971775899     
   3.8900000000000001        76.301519934607413     
   3.8999999999999999        76.690627380083598     
   3.9100000000000001        77.080854419420831     
   3.9199999999999999        77.472202161369140     
   3.9300000000000002        77.864671712158966     
   3.9399999999999999        78.258264175447948     
   3.9500000000000002        78.652980652267630     
   3.9600000000000000        79.048822240970182     
   3.9700000000000002        79.445790037175087     
   3.9800000000000000        79.843885133715787     
   3.9900000000000002        80.243108620586383     
   4.0000000000000000        80.643461584888200     
